0.04189084109702611
0.0939030521121094
0.1376560213963839
0.169185269448102
0.1856833466643374
0.04189084109702611
0.0939030521121094
0.1376560213963839
0.169185269448102
0.1856833466643374
0.04189084109702611
0.0939030521121094
0.1376560213963839
0.169185269448102
0.1856833466643374
0.04189084109702611
0.0939030521121094
0.1376560213963839
0.169185269448102
0.1856833466643374
0.04189084109702611
0.0939030521121094
0.1376560213963839
0.169185269448102
0.1856833466643374
0.04189084109702611
0.0939030521121094
0.1376560213963839
0.169185269448102
0.1856833466643374
0.04189084109702611
0.0939030521121094
0.1376560213963839
0.169185269448102
0.1856833466643374
0.04189084109702611
0.0939030521121094
0.1376560213963839
0.169185269448102
0.1856833466643374
0.04189084109702611
0.0939030521121094
0.1376560213963839
0.169185269448102
0.1856833466643374
0.04189084109702611
0.0939030521121094
0.1376560213963839
0.169185269448102
0.1856833466643374
0.04189084109702611
0.0939030521121094
0.1376560213963839
0.169185269448102
0.1856833466643374
0.04189084109702611
0.0939030521121094
0.1376560213963839
0.169185269448102
0.1856833466643374
0.04189084109702611
0.0939030521121094
0.1376560213963839
0.169185269448102
0.1856833466643374
0.04189084109702611
0.0939030521121094
0.1376560213963839
0.169185269448102
0.1856833466643374
0.04189084109702611
0.0939030521121094
0.1376560213963839
0.169185269448102
0.1856833466643374
0.04189084109702611
0.0939030521121094
0.1376560213963839
0.169185269448102
0.1856833466643374
0.04189084109702611
0.0939030521121094
0.1376560213963839
0.169185269448102
0.1856833466643374
0.04189084109702611
0.0939030521121094
0.1376560213963839
0.169185269448102
0.1856833466643374
0.04189084109702611
0.0939030521121094
0.1376560213963839
0.169185269448102
0.1856833466643374
0.04189084109702611
0.0939030521121094
0.1376560213963839
0.169185269448102
0.1856833466643374
