0.17941058887946723
0.3777886358618433
0.4899983264552873
0.17941058887946723
0.3777886358618433
0.4899983264552873
0.17941058887946723
0.3777886358618433
0.4899983264552873
0.17941058887946723
0.3777886358618433
0.4899983264552873
0.17941058887946723
0.3777886358618433
0.4899983264552873
0.17941058887946723
0.3777886358618433
0.4899983264552873
0.17941058887946723
0.3777886358618433
0.4899983264552873
0.17941058887946723
0.3777886358618433
0.4899983264552873
0.17941058887946723
0.3777886358618433
0.4899983264552873
0.17941058887946723
0.3777886358618433
0.4899983264552873
0.17941058887946723
0.3777886358618433
0.4899983264552873
0.17941058887946723
0.3777886358618433
0.4899983264552873
