0.24741711036603853
0.32054262946080847
0.31975456305009686
0.24741711036603853
0.31975456305009686
0.24741711036603853
0.31975456305009686
0.31975456305009686
0.24741711036603853
0.3197545630500951
0.3197545630500951
0.24741711036603853
0.32054262946080847
0.24741711036603853
0.319754563050096
0.24741711036603853
0.3197545630500951
0.3197545630500951
0.31975456305009686
0.24741711036603853
0.319754563050096
0.31975456305009686
0.319754563050096
0.24741711036603853
0.32054262946080847
0.24741711036603853
0.31975456305009686
0.31975456305009686
0.319754563050096
0.32054262946080847
0.24741711036603853
0.319754563050096
0.3197545630500951
0.3197545630500951
0.32054262946080847
0.24741711036603853
0.319754563050096
0.319754563050096
0.32054262946080847
0.319754563050096
0.3197545630500951
0.3197545630500951
