0.10883383400717594
0.13619074950535293
0.1358728019335964
0.14012591030213795
0.14420360954068157
0.13975485644627117
0.10883383400717594
0.13955891857065872
0.14147281424222413
0.10883383400717683
0.1358728019335964
0.14420360954068157
0.13975485644627117
0.13955891857065872
0.14147281424222413
0.10883383400717639
0.13578341501165792
0.13578341501165792
0.13980525586638892
0.14420381077514755
0.13980525586638892
0.10883383400715907
0.1436401781058798
0.1436401781058798
0.10883383400715907
0.1436132994631727
0.1394658784610674
0.1415230727822241
0.10883383400717594
0.13578341501165792
0.13578341501165792
0.13980525586638892
0.14420381077514755
0.13980525586638892
0.1358728019335964
0.13975485644627117
0.1436132994631727
0.10883383400717683
0.14152307278222276
0.13946587846106562
0.1358728019335964
0.1436132994631727
0.13975485644627117
0.1394658784610674
0.1415230727822241
0.10883383400717683
0.13619074950535293
0.14012591030213795
0.14420360954068157
0.10883383400717594
0.13955891857065872
0.14147281424222413
0.14420360954068157
0.13955891857065872
0.14147281424222413
0.13955526538301966
0.13991546380561637
0.1414726733620726
0.14420360954068379
0.14188304420400888
0.10883383400715907
0.14319063115802333
0.14324138202008418
0.13578341501165792
0.13980525586638892
0.1436132994631727
0.13578341501165792
0.14420381077514755
0.13980525586638892
0.1436401781058798
0.1436401781058798
0.10883383400715907
0.1436132994631727
0.1394658784610674
0.1415230727822241
0.1394658784610674
0.14420381077513955
0.1415230727822241
0.1436401781058798
0.1436401781058798
0.1394658784610674
0.14420381077513955
0.1415230727822241
0.1436132994631727
0.14420381077514444
0.13578341501165792
0.1436132994631727
0.13980525586638892
0.13578341501165792
0.13980525586638892
0.14420381077514755
0.1436132994631727
