0.35398955258190806
0.26330353271006796
0.2647802038238682
0.17347678507778688
0.1833616669416278
0.1727647156267651
0.09947773164209803
0.10736413941353705
0.10542178566154539
0.0956775213109904
0.04901338683378497
0.04951684835955148
0.05543631500916689
0.0524098816262078
0.045602533340329536
0.020657157333017803
0.02032171145053404
0.024235525335092024
0.025084730948765222
0.021838195043692263
0.017773872495797923
0.007466944764957978
0.007073589238215765
0.008584742298798695
0.009582655239208595
0.008937131783221522
0.007113583045816395
0.005648727683906927
0.0022777093352910035
0.0020908504637032373
0.002491203822839292
0.002955495828966051
0.0029475666328547655
0.0023962014164391142
0.001750833394755946
0.0015096030188050094
0.0005542621303520971
0.0005230675999761402
0.0005924715237318925
0.0007361992167949184
0.0008046740169211589
0.0006898566131457387
0.00048064208683173775
0.00034231852803720336
0.0003559453623792353
9.488448408501882e-5
0.0001073531168287088
0.00011477197261218085
0.0001422761704099609
0.00017265622762477074
0.00016418585028113745
0.00011678790966412006
7.157516471463572e-5
5.952686939816125e-5
7.793656727467821e-5
1.0067500474595157e-5
1.7072338298383598e-5
1.799143765647911e-5
2.0494940580821715e-5
2.6771449148611144e-5
2.9524576010911397e-5
2.3193921895978918e-5
1.343101333373774e-5
8.623229815005568e-6
1.0017525162093282e-5
1.534998530137474e-5
1.038854630261047e-6
2.013265069332346e-6
2.2204619379117065e-6
2.2352300966224114e-6
2.8904448763619893e-6
3.750211856107398e-6
3.565883562408067e-6
2.1977856297358737e-6
1.0889355303973457e-6
9.680126976238174e-7
1.6456964829093768e-6
2.394707816673931e-6
9.849358235059423e-8
1.649124761928689e-7
1.8317754919958344e-7
1.7806919809667283e-7
2.0786239006375558e-7
3.086672911221048e-7
3.7754280549940664e-7
2.966122250852592e-7
1.343940620521333e-7
6.840948661518763e-8
1.1747597150470193e-7
2.1049419395811763e-7
2.175016690365623e-7
6.648736088769495e-9
8.688682471732774e-9
8.72106445104967e-9
8.022489734944266e-9
8.741780299548122e-9
1.3985612773672627e-8
2.3224344758045198e-8
2.5068694093822193e-8
1.4639877758010634e-8
4.488876957084998e-9
4.8274872505843996e-9
8.947928218804574e-9
1.1834022106141418e-8
1.6741927694697035e-8
3.1937370221938064e-10
2.399164495269228e-10
1.608852916116016e-10
1.3961938683176994e-10
1.7796510214111878e-10
2.7248436457769724e-10
6.698787453005571e-10
1.024815515779574e-9
8.651516924488501e-10
2.9666889850261773e-10
7.067942811186641e-11
1.1696927339014488e-10
1.2207407365478696e-10
7.812710041302378e-11
1.167040794678837e-9
0.42829073709933657
0.32582370550129336
0.48423153059748136
0.2161638318060868
0.36868870086497557
0.5235747146800568
0.12439855769044467
0.24435149862276553
0.39557510030382714
0.5477815990040081
0.061425894548508046
0.14081728732499824
0.2620357437776454
0.4114130138922686
0.5610371548396925
0.025820433523456886
0.06962206533174903
0.1509951802708147
0.2721924135477083
0.42034903179038813
0.5687394426027247
0.009131149371064563
0.028964527499972335
0.07389812803968127
0.15567172755389191
0.2772260998657797
0.42592367036100465
0.5724012340737437
0.0026012995010905107
0.009839816063411071
0.029861654330670572
0.07494199028920574
0.15773390172240748
0.28115667377604714
0.42918790259711787
0.5730788479892907
0.0005465007404636467
0.0025977981739134315
0.009741180482636053
0.0298833928875982
0.07576899041156533
0.1597093433450968
0.28243714751535465
0.4283072877172547
0.5718817678127852
7.927252802648191e-5
0.000533754748505901
0.002575474000961458
0.009696401528210108
0.029777790849019978
0.07532616776654617
0.1579972855850812
0.27881544753063375
0.42360635232570926
0.5664566000107565
8.667229840563969e-6
8.348986300894027e-5
0.0005247320143451365
0.0024481015616039034
0.009175564917518853
0.028360511530257742
0.07238256133801252
0.15295805159310125
0.2714330018157356
0.4140747096163152
0.5502443931155643
6.481681622591719e-7
8.334268818657787e-6
7.309138009987056e-5
0.0004451769309416597
0.0021224191620529327
0.008283353190901514
0.02643205252777075
0.06855518605759409
0.14575774596321167
0.25846331394781613
0.3894435058033067
0.512686790104315
4.276329744242326e-8
5.106890414845829e-7
6.167673649431918e-6
5.6139072991984885e-5
0.00036836565634386495
0.0018677619924911961
0.0075384617802151345
0.024275285308623357
0.06284808330875048
0.13242460108663323
0.22810127542777459
0.33974357686359347
0.4426242377768444
6.2613712203139385e-9
8.441889912246146e-8
7.8121803619071e-7
8.299247911229764e-6
6.702741907867986e-5
0.00039640398767436957
0.0017866099273973824
0.006332111201929265
0.019333816393119325
0.04840138555890013
0.09891493295271546
0.17300099646771314
0.26555889105409713
0.3560078577659293
0.4363069037681584
0.5005015471001879
0.33172633185412087
0.5388356281695489
0.38093536930408306
0.2195790800288254
0.5553973634553127
0.406604018608692
0.2511383281558332
0.12431776857277221
0.5606610377652069
0.4178590569914627
0.2676159027626931
0.14147004598907073
0.058815412834392414
0.5623456514999806
0.4227511400186785
0.2764294739262075
0.15161296840478927
0.06704306162914359
0.022689659670804087
0.5636150036161306
0.4247630938994934
0.2809064815032459
0.1578888197206146
0.07276122022965155
0.026361722906926986
0.007171439219970205
0.5638600057381258
0.42325062951669723
0.2805245276609506
0.15985901328202337
0.07608520189159815
0.02923590110872418
0.008733084940328349
0.001925136846616566
0.5598933909263639
0.41635824754075784
0.27356359075169995
0.15578758562833822
0.0755817159205364
0.030478791046887627
0.009887288585921304
0.0024738816832416996
0.0004538121265599246
0.5475015636840774
0.4071037261163685
0.26445314372395473
0.14632734251414647
0.0703591037895299
0.02912047732023672
0.010079890586756363
0.0028150448479252973
0.0006029288984979228
9.370643315175825e-5
0.5234804731620045
0.39114045043385054
0.255079409199528
0.14251996243122134
0.06594552428381481
0.025430754772891504
0.009033223743814614
0.002741018163212387
0.0006688664410505142
0.0001231501154190529
1.591551018259767e-5
0.4803362015293445
0.36123837277015397
0.2369345683174854
0.13303752776218652
0.062120852019735245
0.023854197821711682
0.007619452216347024
0.00224365932945484
0.0006059344340511423
0.00012841310894273246
1.9661878276111177e-5
1.9115419788082544e-6
0.4162301363079131
0.31163385078347805
0.2049725779837473
0.11580526839855593
0.054489704578758215
0.021099984722569222
0.006747728315598859
0.0017988114438417717
0.0004469185061991104
0.0001060485694887471
1.879320562860341e-5
2.2131356428959774e-6
1.3692503841108451e-7
0.33315274092196134
0.24241043791225309
0.1571120435224673
0.08844666650576002
0.04148318436343383
0.01599044378189279
0.005231424153779622
0.0014896392473643856
0.00036492996913255746
8.70071955452305e-5
1.7998463917134572e-5
2.589377165353817e-6
2.4500351202007597e-7
1.4394710460620434e-8
0.5260377142962424
0.6066713632008764
0.5986979772857639
0.6559195154126377
0.6923047338299267
0.6482698953073974
0.6786146663456597
0.7520573296219648
0.7514596759644243
0.6777457180917243
0.6863286562718939
0.7819020446027587
0.819232773011005
0.7866812740356375
0.6938241270734986
0.6890568280459625
0.7935847034630933
0.8546312227829047
0.8587391786841007
0.8043252090615943
0.701138655766181
0.691836815163116
0.7978708795665476
0.8685293882040083
0.8954417834455846
0.8754055236799462
0.8087126196397576
0.7017425720351086
0.693316697186362
0.7987558098346811
0.869861034710809
0.9053355077986753
0.906903555561842
0.8740250037604077
0.8044759082684105
0.6994814374944933
0.6809459295686086
0.788085753821796
0.8583621666957343
0.8934362295683775
0.9033363575832142
0.8926001437797951
0.8581550913704332
0.7925691049182173
0.6920518517357636
0.6521646051144773
0.7550267716789641
0.8222351015346397
0.8559059288438601
0.8662622675055386
0.8649806836452083
0.8533792115604817
0.8238920564731903
0.7649856279380647
0.6709775367123042
0.5996536207494735
0.6954535901661354
0.7563592387205587
0.7856245054826189
0.7942087683618093
0.794574459527442
0.7928837642406915
0.785487778249455
0.7616358089752235
0.7092860010286098
0.6239431491938445
0.5189692962802405
0.6042088833540179
0.6583549266483011
0.6836309096875532
0.6901210347215299
0.6897699731054602
0.6900606245986861
0.6905198442554144
0.685110620664629
0.6633635506657096
0.6162267448322081
0.5399415756474111
0.4206106421277563
0.4885036934420538
0.5324068545265864
0.5536809383522375
0.5608489536121267
0.5635344327326071
0.5650877079616209
0.5657104536702928
0.563639880664719
0.5556677702582749
0.5349595342689368
0.4944937948813561
0.43273679323508973
1.2128911383700539e-9
3.1579323573090795e-10
5.465064277352989e-10
2.416167575600679e-10
1.0741834405268605e-11
2.113395280197802e-10
2.6960434613956325e-10
6.47866851506359e-12
7.179629972481972e-13
1.1812534492606694e-10
1.653019532309366e-10
5.190809200687092e-12
2.0532182371570074e-15
7.64276991221731e-13
1.1152483981610455e-10
1.339227425700882e-10
4.045368607151472e-12
6.505480422482137e-15
3.028920880309098e-16
8.518230872133253e-13
8.162058959822365e-11
1.78820567046474e-10
2.5025833066947874e-12
2.3323832169655566e-14
0.0
1.0639044945491366e-17
5.711700453495571e-13
5.402843439225337e-11
2.734529904918928e-10
5.498608577116475e-12
5.3692887942186335e-14
0.0
0.0
0.0
1.0946904217198972e-12
9.270367392654923e-11
2.070295952861117e-10
6.759648411275634e-12
7.060727318275468e-14
0.0
0.0
0.0
0.0
2.1827279328439e-12
1.1806738370882547e-10
6.884513541169631e-11
2.4100181219909185e-12
4.082379948371344e-14
0.0
0.0
0.0
0.0
0.0
2.3110994819430174e-12
1.1433924612778834e-10
7.89271080330583e-11
2.041557241883073e-12
2.0207961189790547e-14
0.0
0.0
0.0
0.0
0.0
0.0
1.856477155550479e-12
1.597825564461135e-10
7.365851286447666e-11
1.8177033937547187e-12
2.3072338993300998e-14
8.701594716868818e-20
9.737032264752403e-20
6.534529408794837e-20
2.293185559778544e-20
4.0953054913290475e-21
2.403414899650386e-22
0.0
2.7634960891794524e-12
2.9541528591984235e-10
6.581829876280653e-11
1.3354732165036632e-12
1.4472316943704197e-14
2.062042821755281e-15
2.5646567012645673e-15
2.4489991349882968e-15
1.5426101321076813e-15
5.524283375504143e-16
1.0704290252662445e-16
7.334316740829529e-18
2.8042907414520716e-20
4.869843939339833e-12
4.3906716149831105e-10
9.555272157793935e-11
1.3577806226609653e-12
1.3532835638201404e-12
3.588022684354253e-12
8.56055784960468e-12
1.6058289108167095e-11
2.3662777392061105e-11
2.5170233972787556e-11
1.4951299595404406e-11
4.358190711520846e-12
4.10326502456591e-13
1.1942243106035271e-13
5.3627439764687195e-12
4.539391410136168e-10
1.44712062001827e-8
5.921566069848025e-9
1.5113038058474118e-7
5.8863588221826935e-9
7.750065590664692e-8
9.804227483191096e-7
3.845015654680717e-9
6.279375473480982e-8
7.548243526703892e-7
7.677990889512769e-6
3.280653900041817e-9
6.508502676239844e-8
8.627469502055956e-7
7.801004514556228e-6
5.336073760469679e-5
4.1817725021956964e-9
8.483300990488146e-8
1.2193482631234398e-6
1.1571926857499518e-5
7.394796067388861e-5
0.0003805637173390583
5.4685663242190194e-9
1.0397592949767455e-7
1.5663014489785995e-6
1.6112329999015406e-5
0.00010828877919728183
0.0005027592123364811
0.002043665507772569
5.258618573412158e-9
1.0079302225170982e-7
1.6006869563261548e-6
1.813108823540692e-5
0.00013430752790192038
0.0006695219831561865
0.002447803479378867
0.007952174175604506
2.2168963987870974e-9
6.292784391459644e-8
1.1563153143750585e-6
1.5581832983277493e-5
0.00013536685329784391
0.0007647849419573879
0.002964723308800652
0.008858401291703592
0.023652503067957763
2.4190888628040303e-9
4.3577276150720264e-8
5.788085323169393e-7
9.90305859666885e-6
0.0001090321327472406
0.0007260966951383403
0.0031779773084751415
0.00988513088492207
0.024871521717942567
0.05641536841657558
2.7874936508829423e-9
5.896205333259341e-8
8.875902871377875e-7
8.79729081736382e-6
7.102532394943532e-5
0.0005732671189153612
0.002918757411509297
0.010105111880291385
0.026054797379373367
0.05644950421849835
0.11047281445114138
3.647212878289176e-9
6.812930988692956e-8
9.532821410255037e-7
9.974729982114611e-6
7.500777945290003e-5
0.0004449927728407104
0.002311946700858831
0.009079185237818858
0.025584634200666857
0.056414864432846434
0.10766420704376246
0.18072751819670413
4.894840758281933e-9
7.717219670752499e-8
9.20383151165312e-7
9.55914150192059e-6
7.292274527501914e-5
0.0004194100827925162
0.001891218286719196
0.007307789531902958
0.02265781682585543
0.05350893881723639
0.10497205674888883
0.17982881912954943
0.26524021716562124
1.8387524991508528e-8
2.4785682207172427e-7
1.0531730639868788e-8
2.5340644562668546e-6
1.6151360310832656e-7
6.407329292215914e-9
1.937409328688043e-5
1.8344717110949113e-6
1.1075476182814849e-7
4.641532772605295e-9
0.00010970302637405413
1.4492282122295321e-5
1.3130882688106058e-6
8.487165006106791e-8
3.85895055560445e-9
0.0004823677776101917
8.399680158048428e-5
1.0627911723405074e-5
9.629353219371819e-7
6.595620841770438e-8
2.6338245560851853e-9
0.001726300922365872
0.00037757766692099936
6.25364052402169e-5
7.570683350400101e-6
6.881794766961974e-7
4.439005410229899e-8
2.2691091488832813e-9
0.005233938929714044
0.0013803509591946651
0.00028760636634307554
4.505300678042908e-5
5.459983000593882e-6
5.489624872556331e-7
4.581579528623358e-8
2.9965407650587187e-9
0.01395070696467046
0.004309173575765475
0.0011093715962623607
0.00022391195373351144
3.555458244585037e-5
4.890454869613716e-6
5.792801394307825e-7
5.09861754706163e-8
2.8541404444586447e-9
0.03333065910404467
0.012297219834202726
0.0038000692262257635
0.0009712258572589033
0.00019932237028256065
3.390261741317467e-5
4.755033693907872e-6
5.246213441109805e-7
4.874241546915848e-8
4.340621310340969e-9
0.07420795513713593
0.03400495017683818
0.012503026070732535
0.0036519202808099433
0.0008855322747184602
0.00018175605013036667
3.196818621723016e-5
4.974233837741444e-6
7.048226670437439e-7
1.0552108821454913e-7
8.746920572940738e-9
0.1434404560134868
0.08044168217851953
0.03677047303061814
0.012674890604291809
0.003448510448213358
0.0008396437856366416
0.00019336116422699257
4.1935380949210136e-5
8.434929112261156e-6
1.5359181792883662e-6
2.0533847503659075e-7
1.2996611814999588e-8
0.23655730148937054
0.1537844344453726
0.08478145120506878
0.03749096250479097
0.013199370004784746
0.003947774842644494
0.0010915600375181048
0.0002842536752840977
6.875821100436962e-5
1.4498958530083435e-5
2.3061339640273484e-6
2.339440100416316e-7
1.5016646902063395e-8
1.5364640110668115e-7
1.3496780604709666e-6
1.0150291506171875e-6
8.837330149192458e-6
1.234905162533686e-5
1.0520274292426348e-5
9.084906888307669e-5
0.00012059677004943445
0.00011259396812399755
7.461462900858747e-5
0.0005240326181728296
0.0006903222432594335
0.000731404303877096
0.0005956489939385616
0.0004107756215451799
0.0022268352844361412
0.0029126337523523124
0.003295594653398258
0.003128086330118387
0.00251671201634746
0.0020727002096888477
0.0075755854510513795
0.009802627428208787
0.011428832639073905
0.011804475946864396
0.010712084710323639
0.009136935626362456
0.008384328920143961
0.02157352610428586
0.02731966032591374
0.03200575624064151
0.03452358230506851
0.03392126421354934
0.03078132604387298
0.02794223468829533
0.02634997273361225
0.05258161815965487
0.06474335017505507
0.07462461570584779
0.08156060806227419
0.08375806066834039
0.08059234439815621
0.07470067357738572
0.070065076017332
0.06549722624556722
0.11071121469518057
0.132636543986072
0.14866909680837442
0.16105102581418662
0.16801877531697254
0.16792903216098085
0.16134905672098157
0.1527474742459303
0.14460088653070535
0.13292901291516326
0.20090492780959468
0.23663952268173324
0.258481547576759
0.2740349449731942
0.2847880551700414
0.28913121445570494
0.2860386437059103
0.2770468827075376
0.2658401139301397
0.25140557332065033
0.22593033607620389
0.31394778997050976
0.3662405585594037
0.39720421246734566
0.4125406297962502
0.4219937207557148
0.4278953774788127
0.4292901628020392
0.4251670302894232
0.415870018209798
0.4017166119324048
0.37623141889581346
0.3293995578962147
