0.33877193219158847
0.26640123109161745
0.27061289359526897
0.18980814024331594
0.1970579828597821
0.19911556112029333
0.12244003889177657
0.1270119293184039
0.13029363310674025
0.13308904464814633
0.07058072910745544
0.0697321955597083
0.07159392764680819
0.07298295557418605
0.07916548379305953
0.03655150820397907
0.030486869963272146
0.03277249658719406
0.03479332619110111
0.037030741875594665
0.041849418123875645
0.01685375570323834
0.013863563448330146
0.01485683470518636
0.016309741416300073
0.01690350797659122
0.01758614573599958
0.019504637994464127
0.006906708251960133
0.005729004987288056
0.005800427299909884
0.006580333847230135
0.007144859807024383
0.007181074225670606
0.007232837625934564
0.007811974704774974
0.002478015399293134
0.002154769080312277
0.001981219159544907
0.0021934605386463918
0.0025212682435395437
0.0026516569502651292
0.0025736026791207452
0.002535201604823409
0.002680370493108299
0.0007729678514581388
0.0007273740001488438
0.0006248708071524674
0.0006152691387502921
0.0007168776068638979
0.0008154143210387207
0.0008215676050848292
0.0007788496330526736
0.0007657254408499297
0.0008068555975587659
0.00020928232508927742
0.00021333598226881746
0.00018049221696481136
0.00015553982830183102
0.00016607889176892488
0.00020046495768856712
0.000220406704568799
0.0002126222560482259
0.00020126106563970165
0.0002050803816712736
0.0002214615142561484
4.812114234219487e-5
5.22335254441245e-5
4.38370296026848e-5
3.5053546868651415e-5
3.316405703031338e-5
3.903823578004311e-5
4.72021527086918e-5
4.936641560967159e-5
4.5857650068661104e-5
4.511159114708065e-5
4.8241632900916416e-5
5.3579672226117195e-5
8.994857250485486e-6
9.959162572385391e-6
8.228915445951653e-6
6.3982050023267296e-6
5.655006792496985e-6
6.1775566455321596e-6
7.755449371771449e-6
9.058763337410112e-6
8.893634325998174e-6
8.104363864553772e-6
8.575529602345692e-6
9.537852764252166e-6
1.1388523525285379e-5
1.4012109707314858e-6
1.3024788391132445e-6
1.051969154776084e-6
8.359659555024934e-7
7.423044565693952e-7
7.696151723059043e-7
9.471891762117928e-7
1.2016346121675764e-6
1.3062521572054882e-6
1.1792798975462409e-6
1.0889618601750078e-6
1.263909159438887e-6
1.3806250854578664e-6
2.094516498342131e-6
1.595768526205012e-7
9.616666502335489e-8
7.40100261643891e-8
6.469654601160759e-8
6.263867023607378e-8
6.616131713893538e-8
7.758386144803583e-8
1.011070118419212e-7
1.215410164865532e-7
1.1543478573922021e-7
8.877440261101078e-8
8.324914209824437e-8
8.404828397443177e-8
1.0983953644658087e-7
3.9264692372161163e-7
0.39734389203942766
0.3197634545705367
0.4486750252545317
0.23054304051805233
0.36305027675933127
0.48991986232550083
0.14981236902044226
0.2627531949885453
0.3945934181491159
0.5200932831302982
0.08719844196309559
0.17098045279424118
0.2851781587323014
0.4155326212842696
0.5392057252000139
0.04486780741488535
0.0990171430589015
0.18495250633461877
0.2994875319907559
0.42827211318566466
0.5493695197410223
0.020274995229139284
0.05046696814485156
0.10636555454956531
0.19333368208663237
0.30763501326097065
0.4347661658207219
0.5536097126089252
0.00798802835758775
0.022451361836701048
0.053590852015572864
0.11016140386234737
0.19717670304353863
0.310590054267954
0.43600848387060576
0.5533198848873945
0.002677193577965784
0.008621977040734884
0.02342639315640268
0.05463901303806264
0.11078845648619036
0.19667061049040685
0.30836167489787847
0.4319797335686128
0.5476144565171136
0.0007598572870744011
0.0028210298178401763
0.008789000538802686
0.023292587233659647
0.05360284748199912
0.10798093619714588
0.19135429599923867
0.3003847443278106
0.42177410935125265
0.533779801626319
0.0001781967886166097
0.0007797464150487521
0.002799867050188825
0.008434213089584164
0.021969080966792693
0.05028441415566935
0.1014189735693592
0.1807034362729189
0.28576505859733836
0.4035193371438134
0.5084056007843094
3.28677084447336e-5
0.00017850678014446125
0.0007541659508735668
0.002568300689296971
0.007532448741548211
0.01946829360344967
0.04466323272705142
0.0909678256054947
0.16424288258892872
0.2634211540511263
0.3736100388315278
0.46880135537956474
4.374173722049887e-6
3.3080112518321065e-5
0.00017190690337944635
0.0006682347671771212
0.002167042816326778
0.006216225702828073
0.016026320271091687
0.03746027590987242
0.07798337552874036
0.14346717625757083
0.23332566407555155
0.329696118649617
0.4135872231738223
7.556859707008326e-7
6.434797072727345e-6
3.8108291984593305e-5
0.0001640850623912115
0.0005681340042523589
0.0017266150421332493
0.004879718085288635
0.012627623030417848
0.03008640750315289
0.06471381417124002
0.11924430924029267
0.1915996743995964
0.2709337237380025
0.3436062118382909
0.40103351125926884
0.45548510498522055
0.32832209937724477
0.49722689674748644
0.37498933389573075
0.2441452180293587
0.524025596065988
0.4054313894690293
0.2774704811951166
0.16399884966412567
0.5386792697927439
0.42211294881082867
0.2970509079395602
0.18377365811888088
0.09741376659783525
0.5463218326818082
0.43011375979968025
0.3069413284951797
0.1945707025092559
0.10735599428500013
0.05032760883473445
0.5498437628420538
0.4318634237380069
0.3091111999690451
0.1981988082710226
0.11175122141002754
0.05436834834113649
0.02234743150765646
0.5493510131150874
0.42812658779131374
0.3042216467223534
0.19491872691380338
0.1107992896465505
0.05515022070048071
0.023551740695656916
0.008467389003413279
0.5424990285107383
0.41888404392981005
0.2931073923586843
0.18492986415483104
0.10441092029091012
0.052406693202513246
0.023082519274192907
0.008676046193470828
0.0027398239427719913
0.5244009568049497
0.4046559587461532
0.2785597854498798
0.17070247654240375
0.09389106284460046
0.04641647387180313
0.020684062037124414
0.008126890130420943
0.00271921625133254
0.0007666404571108342
0.49348192663281826
0.3838013455898149
0.26449674363657505
0.16015628673098217
0.08444534281748066
0.038754699927608854
0.016882946324625094
0.00675345086243307
0.002402879153838713
0.000724763720712169
0.00018471334715977486
0.449255934192255
0.35266365462717975
0.24557099596203066
0.14930219102495856
0.07852624145605723
0.03532811134223665
0.013660683967455447
0.004992174293536466
0.001838115321359476
0.0006022228455880927
0.00016618651085066312
3.894411894368726e-5
0.39080313838761105
0.307916613038335
0.2175912641746302
0.13534836427333116
0.0726609926306843
0.03339575980859606
0.012636522676373652
0.004051438466444185
0.0012391712878346388
0.00042787824003921385
0.0001320348133044819
3.461423162996319e-5
7.838411090825382e-6
0.3201058202059848
0.24369833654516676
0.17161934650239075
0.11011890182598315
0.06210538397710799
0.030140635641106837
0.012238572894086513
0.004029057484778185
0.0011271165913879632
0.0003230826686047833
0.00010571557945379486
3.15011940833575e-5
8.350276966581222e-6
1.8795162153484747e-6
0.4718013898322528
0.538344734990636
0.535498909817387
0.5896964554355433
0.6137451021533123
0.5871883020904252
0.6236179298274983
0.6749623134699716
0.6750367736868368
0.6239992483006377
0.6434978325328199
0.7165405346743846
0.7445105780568841
0.7183709233230032
0.6463753053671654
0.6549731150524299
0.7414973328310932
0.7913532215722913
0.7921538742361409
0.7432691363570942
0.6571769219729466
0.661174480365396
0.7547695194286337
0.8171164600537689
0.8388677101861877
0.8159373770657455
0.7523310695913955
0.6596159152584942
0.6600069758659758
0.7570727492106232
0.824246786279174
0.8575486193074108
0.8550012288352051
0.8173095976626064
0.7479217472481723
0.654278530087533
0.6432698554690437
0.7427848280380369
0.8104965806182849
0.8480928088781908
0.8572442558713194
0.8400688197569139
0.7972618417637638
0.7287761061592704
0.6381894514271742
0.6048698310145205
0.7024174067749557
0.7705292570545449
0.8083532702800876
0.8228238915393759
0.8179618815610188
0.796079611530509
0.7548349423448764
0.6914659093438343
0.6071467319904525
0.5481245358201269
0.6372335639624782
0.7010465221174546
0.7383423551438897
0.7542507729480601
0.7559237408993952
0.7469834734703222
0.7265496109274645
0.690037319304816
0.6338052301858338
0.5582717421545857
0.47456478877593694
0.5521536552662141
0.6086569157141588
0.6423733618320306
0.6583286692780853
0.6633371242323862
0.6615871717927573
0.6536725292774422
0.6362657202207554
0.6048417043564204
0.5563014786967545
0.49097606158518137
0.39119764057149176
0.4518265359030903
0.49669818808179067
0.5256875067428656
0.5421248294784459
0.5501147709832397
0.5527998730378512
0.5515583507601055
0.5453994096411627
0.5313843333362739
0.5052088174374754
0.4638843577924856
0.4079164018059113
2.555588898264585e-7
1.7307927745227614e-7
9.455124079642456e-8
1.715066558035698e-7
2.8146807537782494e-8
7.462301584638406e-8
1.8677840987215325e-7
2.1377057675308894e-8
9.960629832341776e-9
7.718279183623647e-8
2.277084672347949e-7
2.61226770640727e-8
2.7973679055631726e-9
9.010223940077527e-9
8.001072985299152e-8
2.4566086685054137e-7
2.8695971855710186e-8
2.237563357327666e-9
9.415733477052566e-10
8.86107700750457e-9
7.194406199269038e-8
2.1380455548503428e-7
2.575753649665041e-8
2.0689362129874918e-9
1.5653502609416779e-10
8.347250609058282e-10
8.40760996445898e-9
6.318588371691829e-8
1.2928559961350097e-7
1.725487106913136e-8
1.5204571668043798e-9
8.527872818194589e-11
5.656762098802983e-11
7.906631049034868e-10
7.654551376605017e-9
5.4537711105541906e-8
5.1815686037623726e-8
7.746274740236964e-9
7.773253664250759e-10
4.987487346374316e-11
4.717297244532759e-12
5.173879456767518e-11
7.156196627707969e-10
6.75653995630075e-9
4.8537064150252356e-8
1.5454802352359097e-8
2.166721438026845e-9
2.455618628439392e-10
1.961474904637518e-11
1.454949730434391e-12
2.476211532684981e-12
4.638122413550406e-11
6.188995148861263e-10
6.038228711164557e-9
4.81396670535881e-8
1.2822269923723397e-8
7.839435620329116e-10
5.076575341304731e-11
7.709224071882523e-12
4.467229988782689e-12
6.146942395983801e-12
1.2278880272950333e-11
5.237400888828981e-11
5.943662498751555e-10
6.544525848597199e-9
5.8106971301463995e-8
1.812444945183397e-8
1.4157910852261802e-9
8.620407934529687e-11
5.6126650774046455e-11
7.30415352385522e-11
8.462759411290643e-11
1.3973247065616305e-10
1.8597711480844514e-10
1.9389446879038274e-10
8.555718485982757e-10
9.746946244723598e-9
8.210161952488944e-8
3.1984727365310726e-8
2.300679783695762e-9
4.284014026755035e-10
4.6378631951094844e-10
6.240229903082233e-10
7.142536533529049e-10
1.0477772289355835e-9
1.5427148452288764e-9
1.450936836234572e-9
1.0232442415574822e-9
1.987791157962076e-9
1.878380213160538e-8
1.2684630861617973e-7
5.429367900049922e-8
5.451078166162266e-9
3.414622036542891e-9
4.096662786913108e-9
5.029984531726851e-9
5.748930658745316e-9
7.497303945943923e-9
1.0677022217384273e-8
1.1489881556110514e-8
8.821688811576128e-9
6.1266323261661905e-9
7.129814586419978e-9
3.474007585048683e-8
1.9639340554461168e-7
1.666807743173513e-6
1.5976672405743647e-6
1.3788634086285593e-5
1.6375469636847749e-6
1.2228438911578459e-5
6.310967486862323e-5
1.6308267615381835e-6
1.1515030784690844e-5
6.234787379335364e-5
0.00024573313739656823
1.7559557070334044e-6
1.1113557387753642e-5
6.067530611372479e-5
0.00026627750489817946
0.0009288067815303145
1.8330591455237586e-6
1.1856793152922658e-5
6.124114860614541e-5
0.0002688494659151247
0.000990210020684322
0.0030627812154925085
1.4108680389841905e-6
1.107026040167692e-5
6.182878605416617e-5
0.0002730119787651206
0.001008845455127288
0.0031723214726756314
0.008579432308381875
7.337191669388439e-7
7.530527776710213e-6
5.29741014359225e-5
0.0002590897044958464
0.0010002623634568534
0.0031897248509192627
0.008697397300956027
0.02059147256499668
2.6276954399945796e-7
3.5018257359138e-6
3.273371902616089e-5
0.0002038499040155234
0.0008990351803700461
0.003065787991745863
0.008578258257896492
0.020680945992236365
0.043273556252191266
1.3214796409828722e-7
1.3704455915324173e-6
1.4133465488401283e-5
0.00012114329555130105
0.0006628312867146451
0.00265724937746386
0.00810928934583492
0.02028538241681097
0.04341845669544199
0.08052496560716997
1.6474980796350395e-7
1.2719298199491969e-6
9.402796351477172e-6
6.456987289323172e-5
0.000393695193952117
0.001992152855346521
0.006965499204255864
0.018930566334303196
0.042499210917568864
0.08071576364157833
0.1334816498272842
3.238708811390514e-7
2.3627758564483207e-6
1.311613733726851e-5
6.424672504941334e-5
0.0003215687739016398
0.0014251036176793621
0.005318361952955892
0.016300312403626612
0.039568386916353976
0.07924225364033828
0.13394187894864548
0.19966780028701583
6.381640955685016e-7
4.983017137812548e-6
2.5768686955984306e-5
0.00010408998935162324
0.00037157284994118864
0.0013299856067137245
0.004476207949377606
0.013191766320343735
0.03450811312308308
0.07341560273979066
0.1307262571840035
0.19987660515851158
0.2712953775516665
1.2873970109230155e-6
8.934110057981823e-6
8.012661422062216e-7
4.161042355911632e-5
6.105628971814031e-6
6.676877513581522e-7
0.00015977610695034806
3.4185919085325396e-5
5.448058231327438e-6
6.81242516520772e-7
0.0005908951022111016
0.00015490067418441307
3.258607337565803e-5
5.361974786387202e-6
6.643864027717178e-7
0.0019243874073172778
0.0005767728149727453
0.00014569600473816576
2.956133815286255e-5
4.626782351522537e-6
5.612332276397936e-7
0.0055555007915086005
0.0018735316305397449
0.0005389434233670956
0.00012838119572970531
2.4510002171600753e-5
3.7139510792984423e-6
4.4564663805364954e-7
0.013792641656682418
0.005354037909752091
0.001756713061278447
0.0004792578087774808
0.00010797991731926902
1.9709960814515034e-5
2.910371700321878e-6
3.6534935522818307e-7
0.02991881989412473
0.013294060455834382
0.005062864593928091
0.001607360218697129
0.00042082509152301334
8.981429030351e-5
1.586105251698179e-5
2.4250424579563106e-6
3.4123197004737073e-7
0.058420044112793744
0.029727436178406907
0.013178961567951977
0.004921444972020099
0.001501289093555224
0.00036881020523649356
7.547259688283366e-5
1.3642335697108779e-5
2.3277491792676145e-6
3.783616441455611e-7
0.10333422140407836
0.05970312170294128
0.030698306872454197
0.013506106974064664
0.004860091604978325
0.0013900260506484448
0.00032590175857978766
6.724382881102925e-5
1.3212380192529878e-5
2.508493170434767e-6
4.772323632810495e-7
0.1658372119758707
0.10684689752000052
0.06249317265489768
0.031990289069307995
0.013638098652570768
0.004663471353254098
0.001278360229608214
0.0002970844807308015
6.457085298122207e-5
1.3827819779389398e-5
2.9865940970686995e-6
6.34521754213424e-7
0.24263120569538313
0.1700083371808371
0.11015013335716589
0.06391139341061602
0.03186800925471602
0.013181508795389629
0.0043610012563469885
0.0011697409056959077
0.00028718652972901915
7.364886304585548e-5
1.971255694567599e-5
5.4323165858387345e-6
1.0578309318558204e-6
6.3549924700642315e-6
2.9839778812142754e-5
3.574833935152137e-5
0.00010924260420024964
0.00011582424493530612
0.0001335525833193411
0.0003459321397725372
0.0004090658890838384
0.0004872058694083678
0.0005950185208930959
0.0015951027980810506
0.0019268210006189185
0.0022689273122414293
0.0024614453716234413
0.0026032209626571773
0.005597396957126337
0.006554823799322917
0.007638068799541328
0.008389101868836863
0.008634422480700722
0.008595702616018787
0.016134294411283823
0.018291025232653187
0.02077995171722184
0.022966175554298807
0.024030179109215215
0.023965554598276338
0.023000464084913016
0.03844806748537831
0.043692046581675546
0.04831956106667206
0.05287942603980228
0.05595828011799207
0.05659824729451641
0.055213277443494725
0.0514772463062868
0.0780950143222754
0.08955770387454409
0.09817571560567089
0.10556236707903875
0.11158598059081877
0.11417009217724282
0.11285551788015082
0.10810683413446118
0.09818170781033361
0.13861989901726157
0.1597700670918154
0.17489742368607553
0.1859771808797301
0.1945778773497202
0.19983906347799316
0.19988331341764687
0.19461066494711288
0.18336161274796567
0.16346830400024712
0.21792221148987584
0.2519799964040177
0.27585115703126367
0.29172704288373247
0.3022973606568265
0.3091214439150097
0.31125597742979333
0.30722873320366356
0.29582117294631166
0.2755698492269484
0.2431120145486713
0.3070073176262668
0.35519661397814906
0.3894469699820866
0.41128487911707023
0.424079037706495
0.4311505066014536
0.43405885745640344
0.4320534673990169
0.4232527765744092
0.4044420526947101
0.37399152134390784
0.3276690002896822
