1	82	163	244	0	0
1	2	82	83	3	84
1	2	163	164	4	166
3	5	84	86	7	88
4	6	3	5	2	8
4	6	166	168	9	171
7	10	88	91	13	94
8	11	7	10	5	14
9	12	8	11	6	15
9	12	171	174	16	178
13	17	94	98	21	102
14	18	13	17	10	22
15	19	14	18	11	23
16	20	15	19	12	24
16	20	178	182	25	187
21	26	102	107	31	112
22	27	21	26	17	32
23	28	22	27	18	33
24	29	23	28	19	34
25	30	24	29	20	35
25	30	187	192	36	198
31	37	112	118	43	124
32	38	31	37	26	44
33	39	32	38	27	45
34	40	33	39	28	46
35	41	34	40	29	47
36	42	35	41	30	48
36	42	198	204	49	211
43	50	124	131	57	138
44	51	43	50	37	58
45	52	44	51	38	59
46	53	45	52	39	60
47	54	46	53	40	61
48	55	47	54	41	62
49	56	48	55	42	63
49	56	211	218	64	226
57	65	138	146	73	154
58	66	57	65	50	74
59	67	58	66	51	75
60	68	59	67	52	76
61	69	60	68	53	77
62	70	61	69	54	78
63	71	62	70	55	79
64	72	63	71	56	80
64	72	226	234	81	243
73	154	397	478	0	0
74	398	73	397	65	389
75	399	74	398	66	390
76	400	75	399	67	391
77	401	76	400	68	392
78	402	77	401	69	393
79	403	78	402	70	394
80	404	79	403	71	395
81	405	80	404	72	396
81	243	405	567	0	0
82	83	244	245	85	247
85	87	84	86	83	89
85	87	247	249	90	252
89	92	88	91	86	95
90	93	89	92	87	96
90	93	252	255	97	259
95	99	94	98	91	103
96	100	95	99	92	104
97	101	96	100	93	105
97	101	259	263	106	268
103	108	102	107	98	113
104	109	103	108	99	114
105	110	104	109	100	115
106	111	105	110	101	116
106	111	268	273	117	279
113	119	112	118	107	125
114	120	113	119	108	126
115	121	114	120	109	127
116	122	115	121	110	128
117	123	116	122	111	129
117	123	279	285	130	292
125	132	124	131	118	139
126	133	125	132	119	140
127	134	126	133	120	141
128	135	127	134	121	142
129	136	128	135	122	143
130	137	129	136	123	144
130	137	292	299	145	307
139	147	138	146	131	155
140	148	139	147	132	156
141	149	140	148	133	157
142	150	141	149	134	158
143	151	142	150	135	159
144	152	143	151	136	160
145	153	144	152	137	161
145	153	307	315	162	324
155	479	154	478	146	470
156	480	155	479	147	471
157	481	156	480	148	472
158	482	157	481	149	473
159	483	158	482	150	474
160	484	159	483	151	475
161	485	160	484	152	476
162	486	161	485	153	477
162	324	486	648	0	0
163	164	244	245	165	246
165	167	246	248	169	250
166	168	165	167	164	170
169	172	250	253	175	256
170	173	169	172	167	176
171	174	170	173	168	177
175	179	256	260	183	264
176	180	175	179	172	184
177	181	176	180	173	185
178	182	177	181	174	186
183	188	264	269	193	274
184	189	183	188	179	194
185	190	184	189	180	195
186	191	185	190	181	196
187	192	186	191	182	197
193	199	274	280	205	286
194	200	193	199	188	206
195	201	194	200	189	207
196	202	195	201	190	208
197	203	196	202	191	209
198	204	197	203	192	210
205	212	286	293	219	300
206	213	205	212	199	220
207	214	206	213	200	221
208	215	207	214	201	222
209	216	208	215	202	223
210	217	209	216	203	224
211	218	210	217	204	225
219	227	300	308	235	316
220	228	219	227	212	236
221	229	220	228	213	237
222	230	221	229	214	238
223	231	222	230	215	239
224	232	223	231	216	240
225	233	224	232	217	241
226	234	225	233	218	242
235	316	559	640	0	0
236	560	235	559	227	551
237	561	236	560	228	552
238	562	237	561	229	553
239	563	238	562	230	554
240	564	239	563	231	555
241	565	240	564	232	556
242	566	241	565	233	557
243	567	242	566	234	558
247	249	246	248	245	251
251	254	250	253	248	257
252	255	251	254	249	258
257	261	256	260	253	265
258	262	257	261	254	266
259	263	258	262	255	267
265	270	264	269	260	275
266	271	265	270	261	276
267	272	266	271	262	277
268	273	267	272	263	278
275	281	274	280	269	287
276	282	275	281	270	288
277	283	276	282	271	289
278	284	277	283	272	290
279	285	278	284	273	291
287	294	286	293	280	301
288	295	287	294	281	302
289	296	288	295	282	303
290	297	289	296	283	304
291	298	290	297	284	305
292	299	291	298	285	306
301	309	300	308	293	317
302	310	301	309	294	318
303	311	302	310	295	319
304	312	303	311	296	320
305	313	304	312	297	321
306	314	305	313	298	322
307	315	306	314	299	323
317	641	316	640	308	632
318	642	317	641	309	633
319	643	318	642	310	634
320	644	319	643	311	635
321	645	320	644	312	636
322	646	321	645	313	637
323	647	322	646	314	638
324	648	323	647	315	639
325	406	487	568	0	0
325	326	406	407	327	408
325	326	487	488	328	490
327	329	408	410	331	412
328	330	327	329	326	332
328	330	490	492	333	495
331	334	412	415	337	418
332	335	331	334	329	338
333	336	332	335	330	339
333	336	495	498	340	502
337	341	418	422	345	426
338	342	337	341	334	346
339	343	338	342	335	347
340	344	339	343	336	348
340	344	502	506	349	511
345	350	426	431	355	436
346	351	345	350	341	356
347	352	346	351	342	357
348	353	347	352	343	358
349	354	348	353	344	359
349	354	511	516	360	522
355	361	436	442	367	448
356	362	355	361	350	368
357	363	356	362	351	369
358	364	357	363	352	370
359	365	358	364	353	371
360	366	359	365	354	372
360	366	522	528	373	535
367	374	448	455	381	462
368	375	367	374	361	382
369	376	368	375	362	383
370	377	369	376	363	384
371	378	370	377	364	385
372	379	371	378	365	386
373	380	372	379	366	387
373	380	535	542	388	550
381	389	462	470	397	478
382	390	381	389	374	398
383	391	382	390	375	399
384	392	383	391	376	400
385	393	384	392	377	401
386	394	385	393	378	402
387	395	386	394	379	403
388	396	387	395	380	404
388	396	550	558	405	567
406	407	568	569	409	571
409	411	408	410	407	413
409	411	571	573	414	576
413	416	412	415	410	419
414	417	413	416	411	420
414	417	576	579	421	583
419	423	418	422	415	427
420	424	419	423	416	428
421	425	420	424	417	429
421	425	583	587	430	592
427	432	426	431	422	437
428	433	427	432	423	438
429	434	428	433	424	439
430	435	429	434	425	440
430	435	592	597	441	603
437	443	436	442	431	449
438	444	437	443	432	450
439	445	438	444	433	451
440	446	439	445	434	452
441	447	440	446	435	453
441	447	603	609	454	616
449	456	448	455	442	463
450	457	449	456	443	464
451	458	450	457	444	465
452	459	451	458	445	466
453	460	452	459	446	467
454	461	453	460	447	468
454	461	616	623	469	631
463	471	462	470	455	479
464	472	463	471	456	480
465	473	464	472	457	481
466	474	465	473	458	482
467	475	466	474	459	483
468	476	467	475	460	484
469	477	468	476	461	485
469	477	631	639	486	648
487	488	568	569	489	570
489	491	570	572	493	574
490	492	489	491	488	494
493	496	574	577	499	580
494	497	493	496	491	500
495	498	494	497	492	501
499	503	580	584	507	588
500	504	499	503	496	508
501	505	500	504	497	509
502	506	501	505	498	510
507	512	588	593	517	598
508	513	507	512	503	518
509	514	508	513	504	519
510	515	509	514	505	520
511	516	510	515	506	521
517	523	598	604	529	610
518	524	517	523	512	530
519	525	518	524	513	531
520	526	519	525	514	532
521	527	520	526	515	533
522	528	521	527	516	534
529	536	610	617	543	624
530	537	529	536	523	544
531	538	530	537	524	545
532	539	531	538	525	546
533	540	532	539	526	547
534	541	533	540	527	548
535	542	534	541	528	549
543	551	624	632	559	640
544	552	543	551	536	560
545	553	544	552	537	561
546	554	545	553	538	562
547	555	546	554	539	563
548	556	547	555	540	564
549	557	548	556	541	565
550	558	549	557	542	566
571	573	570	572	569	575
575	578	574	577	572	581
576	579	575	578	573	582
581	585	580	584	577	589
582	586	581	585	578	590
583	587	582	586	579	591
589	594	588	593	584	599
590	595	589	594	585	600
591	596	590	595	586	601
592	597	591	596	587	602
599	605	598	604	593	611
600	606	599	605	594	612
601	607	600	606	595	613
602	608	601	607	596	614
603	609	602	608	597	615
611	618	610	617	604	625
612	619	611	618	605	626
613	620	612	619	606	627
614	621	613	620	607	628
615	622	614	621	608	629
616	623	615	622	609	630
625	633	624	632	617	641
626	634	625	633	618	642
627	635	626	634	619	643
628	636	627	635	620	644
629	637	628	636	621	645
630	638	629	637	622	646
631	639	630	638	623	647
