0.38157759859686197
0.2476372503043582
0.27258543344412495
0.1291388703892985
0.1581261676394724
0.16247534482601542
0.053798024101539686
0.07134807148247886
0.08249805748920686
0.0736875917857906
0.017612490934368456
0.02409689622988555
0.031868129904843764
0.03141230649214981
0.02312940912652654
0.004504869378176128
0.005834565187411626
0.008650213559686594
0.010045206132867251
0.0076743737788034444
0.004146237617209552
0.0008783065392581193
0.000995905731270337
0.0015700582067673535
0.002150289567635127
0.0019314946550726979
0.0009994881430329132
0.00036404863190959654
0.00011773134982397845
0.0001159492316337536
0.000190723264590872
0.0003079735430584643
0.00033170702821205963
0.00020127010421593444
6.536196381760281e-5
4.9660116355294224e-5
9.790604173942237e-6
7.91983067552296e-6
1.4094289637287054e-5
2.8491477115936073e-5
3.769501173298477e-5
2.7524226983557343e-5
1.0007845794023153e-5
2.233171606105186e-6
6.328229685313115e-6
4.44425136603147e-7
3.224311475764601e-7
5.961135304424877e-7
1.546909391864798e-6
2.5579464919172925e-6
2.2750956217366977e-6
1.0164104460228008e-6
2.049783112322904e-7
5.0399592288672445e-8
5.145288196361081e-7
6.406745836298831e-9
4.4470128370121105e-9
9.836610511143126e-9
3.6124587835057805e-8
7.640436455498367e-8
8.48850753062144e-8
4.712056578991858e-8
1.201581104914288e-8
1.1693713942873444e-9
3.5484564644117875e-10
1.2765274285285926e-8
1.0708272680625738e-11
1.384844559860945e-11
1.2509625321081692e-11
8.666223325447053e-12
4.835584277648278e-12
1.8990614769404694e-12
3.354784417452492e-13
7.571418765058067e-15
0.0
0.0
0.0
0.0
0.0
1.1098144680250413e-16
3.0762535311950315e-16
4.0231886659984986e-16
3.0134020118664076e-16
1.1436372666133872e-16
1.5161137390001884e-17
0.0
0.0
0.0
0.0
0.0
0.0
0.0
0.0
0.0
0.0
0.0
0.0
0.0
0.0
0.0
0.0
0.0
0.0
0.0
0.0
0.0
0.0
0.0
0.0
0.0
0.0
0.0
0.0
0.0
0.0
0.0
0.0
0.0
0.0
0.0
0.47678592909622963
0.3177811794257259
0.5337807873870256
0.1699031913813154
0.3557243114197272
0.5604755408280795
0.0734451972282376
0.19524965998530092
0.3789586152661769
0.5713343442588968
0.025337516680010858
0.08889077321622368
0.21627486657545836
0.3946382124674542
0.578176665117793
0.006741928502219523
0.03287297692918457
0.10291704218126692
0.23236062194410545
0.40602566703972814
0.5845300412410485
0.0013106858163081025
0.00939100845379868
0.03939013363557979
0.1132344049309669
0.24274294176747577
0.41347868816918876
0.5911484339126408
0.00016859150766778688
0.00193186026032754
0.011452555970317763
0.043644483736765494
0.11870356916118356
0.24695123003398853
0.4168598439668007
0.5981606233955389
1.1657777831599574e-5
0.0002542217350725345
0.0023334085457480157
0.012512231192651553
0.04508057901045985
0.11883512861240637
0.24507779398502275
0.4164661761377435
0.6055517835791787
2.187132937117543e-7
1.6733390141200705e-5
0.0002953287085953079
0.002464815418530354
0.01247052725427782
0.04355524920790048
0.11421255017355283
0.23830225295789462
0.41258295010911855
0.6114884492948389
1.2346411014135927e-9
3.0829489253358314e-7
1.906282420057444e-5
0.00029995093351264387
0.0023337627635555505
0.011427170338339426
0.03993487921776042
0.10687971918788118
0.22864119862065388
0.4044201648848075
0.608623735649317
0.0
1.489887699054707e-9
3.8748099127456676e-7
1.894673230902976e-5
0.0002688860255127417
0.0020093001473405663
0.009913449120620373
0.0358068105214472
0.0990723441377055
0.216775301489497
0.3876904507339126
0.5738088468995243
0.0
0.0
1.753032008975782e-9
4.119184102860496e-7
1.643514148972505e-5
0.00021853515797292476
0.0016407646608915729
0.008443444220427391
0.0317668676023579
0.08897478605308658
0.19255778898535136
0.33417770595462265
0.4889143444549853
0.0
0.0
8.106867780800873e-11
1.1256286460861427e-8
7.577695455723497e-7
1.5980961286934344e-5
0.00017118920416140434
0.0012374567729467496
0.006627898961750001
0.024906530526029622
0.06823672406429371
0.14463469861503442
0.2518039756189218
0.3828805274233087
0.4982113589057201
0.5686140580223277
0.35614796977353796
0.5973099572792295
0.3921889538035737
0.20088360962679105
0.6022712114693384
0.4020672363235171
0.2079922588656288
0.08277008730027234
0.5998736529064795
0.40380192643269064
0.21096057077415242
0.0781610879586724
0.022484815123081005
0.593873209091209
0.40720168488817765
0.217249456393989
0.08334469372604225
0.02129978298618079
0.003454860574934359
0.5885536742471036
0.40898949405442503
0.22679829353409425
0.09346851499501431
0.026493093824517967
0.004882050059824417
0.0005750867430855709
0.5851557205538691
0.4067647839203744
0.2309892733857318
0.10115229011668372
0.03225781635229216
0.007175645922196644
0.001073339241140547
0.00010439996365145621
0.5837935389189656
0.40199912116243514
0.229591782316397
0.10422718702884934
0.035814734223016925
0.008920699060263299
0.0015651489875803995
0.00018434446732502261
1.3669782956404382e-5
0.5830547686721761
0.39402551928377716
0.22289309435686622
0.10245135041161667
0.03674791467637437
0.009855029753408916
0.00190062557674009
0.0002527978585888059
2.13898605304364e-5
9.918979448174354e-7
0.5785000421820063
0.3798104366044403
0.21074553574027277
0.0964322346815679
0.03513761435985503
0.009821347024977788
0.0020170100612121942
0.00029089015705070147
2.691911299513068e-5
1.3577883375190814e-6
2.2876783975500635e-8
0.5515441930604184
0.35387881400091226
0.1898593019070046
0.08601793220344851
0.03143515055565728
0.008927160073745872
0.001894056774164329
0.0002856499933839555
2.8510052136491382e-5
1.561909271558362e-6
3.0080777007276154e-8
0.0
0.48281233915149335
0.3083394371179333
0.1505519271643172
0.06806832243580012
0.025134707094433207
0.007261053848565898
0.00157634338389549
0.00024437187439170884
2.4968450335273547e-5
1.4715445506921496e-6
3.221510392792876e-8
0.0
0.0
0.36450282884359936
0.2271823647762699
0.10763465578030994
0.04402235903626583
0.01524732616767087
0.004453394763966238
0.0010288228069460868
0.00017408191042276656
1.9525145144564682e-5
1.2268645726723914e-6
3.056050871252583e-8
0.0
0.0
0.0
0.6214340507746432
0.7186862916455053
0.7014536106145943
0.756882200816461
0.8088488352909704
0.7308912979151734
0.7649801276340773
0.8569332168058089
0.8436592693271744
0.7365901085741722
0.757603628944866
0.8708306034438352
0.9019128839995003
0.852742676246753
0.7392523461578151
0.7479820449425603
0.8679452465795305
0.9238252776577208
0.9172988981517338
0.8558177233116366
0.7444324173039842
0.7423824009349622
0.8625516968249384
0.928231867397883
0.9451262065300352
0.9228990490610638
0.8607739462833647
0.7539405470545256
0.7407099692882817
0.8593098978408374
0.9268656830134063
0.9524568765334317
0.9509715322049112
0.9257273555924237
0.868294587575906
0.7673900852555772
0.7400722720720768
0.8555882920181326
0.92088839027897
0.9468236334270356
0.951630620971146
0.9449295188933833
0.9228918651850416
0.8730173749992735
0.7797011050216808
0.7343637600886477
0.8437031641593576
0.9023947857326658
0.9230320107172149
0.9253588100121877
0.9229699710762421
0.9177267128304034
0.9017577573656181
0.8606107087139444
0.7711821787022024
0.7082207167174901
0.8075820803290401
0.8548434497022741
0.8659342232223222
0.861165708989368
0.8554382110317867
0.8536494443241174
0.8524963538770786
0.8428065469823353
0.8095233042610923
0.7199872839166654
0.6342874543074195
0.7203126925439846
0.7571338137293258
0.7602806667339856
0.7500121927993179
0.7401892779180821
0.7360715826784853
0.7367160774597293
0.7379247696785458
0.7318791227917151
0.7037245328402283
0.6180423622201736
0.4919442473598663
0.5613906852799004
0.5953361743530224
0.6040800218251068
0.5982046984765002
0.5913560136404964
0.5870916238776325
0.584992990966785
0.5836200378666481
0.5827131769482444
0.5776338056823321
0.5518035909863148
0.4840878704726131
0.0
0.0
0.0
0.0
0.0
0.0
0.0
0.0
0.0
0.0
0.0
0.0
0.0
0.0
0.0
0.0
0.0
0.0
0.0
0.0
0.0
0.0
0.0
0.0
0.0
0.0
0.0
0.0
0.0
0.0
0.0
0.0
0.0
0.0
0.0
0.0
0.0
0.0
0.0
0.0
0.0
0.0
0.0
0.0
0.0
0.0
0.0
0.0
0.0
0.0
0.0
0.0
0.0
0.0
0.0
0.0
0.0
0.0
0.0
0.0
0.0
0.0
0.0
0.0
0.0
0.0
0.0
0.0
0.0
0.0
0.0
0.0
0.0
0.0
0.0
0.0
0.0
0.0
0.0
0.0
0.0
0.0
0.0
0.0
0.0
0.0
0.0
0.0
0.0
0.0
0.0
0.0
0.0
0.0
0.0
0.0
0.0
0.0
0.0
0.0
0.0
0.0
0.0
0.0
0.0
0.0
0.0
0.0
0.0
0.0
0.0
0.0
0.0
0.0
3.1488475033982253e-8
0.0
0.0
1.4661707725648606e-14
2.9735845253567367e-9
4.1335280100982095e-7
0.0
0.0
4.2232862372004525e-12
9.006785591769762e-10
5.790290243793778e-8
3.293373773371902e-6
0.0
0.0
5.053148939309938e-11
1.044997087461622e-9
6.700272174664833e-8
2.975249389582813e-6
6.051717163118979e-5
0.0
0.0
2.343541501210134e-10
1.0641642754300882e-8
1.7746891004901423e-7
4.367721093343621e-6
8.883491267868036e-5
0.0008016895142235613
0.0
0.0
5.125458682948238e-10
3.514444186981184e-8
5.029040177891721e-7
5.965737070246834e-6
0.00010841983822180968
0.0011677784484503521
0.005678797477306332
0.0
0.0
5.529939349671042e-10
5.660631735233385e-8
1.014951855319217e-6
9.061558476567204e-6
0.0001262118067887761
0.0013298378286631665
0.007607210715886519
0.02413900441205197
0.0
0.0
2.8774381091043727e-10
4.892880614942278e-8
1.152112979538004e-6
1.1705172245475048e-5
0.000162593975507713
0.0015066852172686495
0.008303561349913365
0.02954997306372283
0.07055962130745999
0.0
0.0
6.370299242380288e-11
2.8284033032167622e-8
9.97287414470697e-7
1.3177232358022904e-5
0.0001735816296830853
0.0015391034912318883
0.008260507925411435
0.029882004384217647
0.07847474337437996
0.1546915585926451
0.0
0.0
4.550410533239755e-12
1.7175901831956544e-8
8.907739477745888e-7
1.5145661370335874e-5
0.00015903276559710931
0.001265808404423025
0.007067496729545437
0.0269623400766152
0.07392122130969407
0.15696637879357672
0.26344820104081984
0.0
0.0
0.0
0.0
0.0
0.0
9.92892637189812e-9
0.0
0.0
0.0
4.5125352943232425e-7
3.857688189625982e-9
0.0
0.0
0.0
7.893266400419947e-6
3.0227102886113254e-7
5.876734414071104e-9
0.0
0.0
0.0
8.72211026601051e-5
6.610390572333267e-6
3.6176061051850436e-7
8.712115664319064e-9
0.0
0.0
0.0
0.0006493711047529908
7.337797424107707e-5
8.388395702014756e-6
5.769383993021329e-7
1.3746896089204764e-8
0.0
0.0
0.0
0.003451351968262956
0.0005123274815210994
9.09324055935913e-5
1.3010844416839248e-5
9.579247212072291e-7
2.071061576591382e-8
0.0
0.0
0.0
0.013734009594667626
0.002525951211907998
0.0006424113021556555
0.00012401683435212
1.7153078669991193e-5
1.1900025092373663e-6
2.587239157630409e-8
0.0
0.0
0.0
0.042966477980932484
0.012401124133654145
0.003218118223737142
0.0007706725988499483
0.00013170470710309026
1.6698678637352675e-5
1.1031525469107039e-6
2.5950959618554527e-8
0.0
0.0
0.0
0.11047887735840663
0.048991387299741125
0.01414507864759471
0.003515425017757095
0.0007511271514671871
0.00011412239298706459
1.3527060984486364e-5
8.872724080727205e-7
2.1188898854754016e-8
0.0
0.0
0.0
0.23002611986372837
0.12734521154333794
0.04766268191030998
0.013624714947626407
0.003496434057891464
0.0007615610526940701
0.0001227690130668701
1.4151577139279902e-5
8.936419720943844e-7
1.9924762712548347e-8
0.0
0.0
0.0
0.0
0.0
0.0
4.745884402569852e-8
8.798641530921197e-8
5.641070643967213e-8
1.2154328430453057e-6
2.256201017013637e-6
2.215504844586662e-6
9.453927562630799e-7
1.636013069911753e-5
2.9189132184130762e-5
3.3891042609547575e-5
2.413646669655063e-5
8.967027794992352e-6
0.00014206542652909143
0.0002443183385442314
0.0003175217433828573
0.0002922473234120892
0.00017949655446002563
6.853305195456357e-5
0.0009297400736763172
0.0014530973085926226
0.0020047038852965353
0.0021642798038162643
0.0017830266432765857
0.0010707081421557534
0.0005851990926816394
0.004709250411604122
0.0066209344978366376
0.00907227300824283
0.01069436962044305
0.01047256498029629
0.008477686531788731
0.005781614612995002
0.004586907773604521
0.01859447919896362
0.024186314046930755
0.03139542020742345
0.03779052413663166
0.04037942957565828
0.03807391258310887
0.03222952183680183
0.02583176499798678
0.022445206235228794
0.058265023316911885
0.07237740024396386
0.08748623113347624
0.10201331624224313
0.11143661396895106
0.11267393826627337
0.10618686586666896
0.09569984957662804
0.08536485930060214
0.07479129083862662
0.1488399413509578
0.1792151165899338
0.20254684961048058
0.22229689997376711
0.23706560465354518
0.2435333172789291
0.24069217387069486
0.23086859093350562
0.21862230575203803
0.207264803564854
0.18948154070956783
0.31135100160950263
0.3636121743471589
0.38954938878695233
0.4027688312555667
0.4110589239239566
0.41556721779258665
0.41521181774401805
0.4100424112970097
0.40190383476361097
0.3947048608593408
0.38280724875332656
0.3391818958688661
