0.020363816537475543
0.0310844139917128
0.0310844139917128
0.031957124026042116
0.03208071986700034
0.031957124026042116
0.03308618013234366
0.03380039037241822
0.03380039037241911
0.03308618013234366
0.034359345218764936
0.03573619933385652
0.03675879612327382
0.03573619933385652
0.034359345218764936
0.035548915236253364
0.03766414874805735
0.03974796843370232
0.03974796843370232
0.03766414874807511
0.03554891523625514
0.036263776671210834
0.03915688302125764
0.04224119316629604
0.043288590028111695
0.04224119316629338
0.03915688302124476
0.036263776671209946
0.03596691427990262
0.039572396506629026
0.04340547035741249
0.045371875837009856
0.045371875837012965
0.04340547035741249
0.039572396506608154
0.03596691427990173
0.03415810139944053
0.03823590929581133
0.042334026110607326
0.04486846595285021
0.04572627096443327
0.04486846595285021
0.042334026110608214
0.03823590929581133
0.03415810139944053
0.020363816537475543
0.03500909019412379
0.03943217714157399
0.04248654819941322
0.04404664664622793
0.04404664664623059
0.042486548199382135
0.0394321771415731
0.03500909019412379
0.020363816537475543
0.0310844139917128
0.03208071986700034
0.031957124026042116
0.03380039037241822
0.03380039037241911
0.03308618013234366
0.03573619933385652
0.03675879612327382
0.03573619933385652
0.034359345218764936
0.03766414874805735
0.03974796843370232
0.03974796843370232
0.03766414874807511
0.03554891523625514
0.03915688302125764
0.04224119316629604
0.043288590028111695
0.04224119316629338
0.03915688302124476
0.036263776671209946
0.039572396506629026
0.04340547035741249
0.045371875837009856
0.045371875837012965
0.04340547035741249
0.039572396506608154
0.03596691427990173
0.03823590929581133
0.042334026110607326
0.04486846595285021
0.04572627096443327
0.04486846595285021
0.042334026110608214
0.03823590929581133
0.03415810139944053
0.03500909019412379
0.03943217714157399
0.04248654819941322
0.04404664664622793
0.04404664664623059
0.042486548199382135
0.0394321771415731
0.03500909019412379
0.020363816537475543
0.0310844139917128
0.031957124026042116
0.03208071986700034
0.03308618013234366
0.03380039037241822
0.03380039037241911
0.034359345218764936
0.03573619933385652
0.03675879612327382
0.03573619933385652
0.035548915236253364
0.03766414874805735
0.03974796843370232
0.03974796843370232
0.03766414874807511
0.036263776671210834
0.03915688302125764
0.04224119316629604
0.043288590028111695
0.04224119316629338
0.03915688302124476
0.03596691427990262
0.039572396506629026
0.04340547035741249
0.045371875837009856
0.045371875837012965
0.04340547035741249
0.039572396506608154
0.03415810139944053
0.03823590929581133
0.042334026110607326
0.04486846595285021
0.04572627096443327
0.04486846595285021
0.042334026110608214
0.03823590929581133
0.020363816537475543
0.03500909019412379
0.03943217714157399
0.04248654819941322
0.04404664664622793
0.04404664664623059
0.042486548199382135
0.0394321771415731
0.03500909019412379
0.03208071986700034
0.03380039037241822
0.03380039037241911
0.03573619933385652
0.03675879612327382
0.03573619933385652
0.03766414874805735
0.03974796843370232
0.03974796843370232
0.03766414874807511
0.03915688302125764
0.04224119316629604
0.043288590028111695
0.04224119316629338
0.03915688302124476
0.039572396506629026
0.04340547035741249
0.045371875837009856
0.045371875837012965
0.04340547035741249
0.039572396506608154
0.03823590929581133
0.042334026110607326
0.04486846595285021
0.04572627096443327
0.04486846595285021
0.042334026110608214
0.03823590929581133
0.03500909019412379
0.03943217714157399
0.04248654819941322
0.04404664664622793
0.04404664664623059
0.042486548199382135
0.0394321771415731
0.03500909019412379
0.020363816537475543
0.0310844139917128
0.0310844139917128
0.031957124026042116
0.03208071986700034
0.031957124026042116
0.03308618013234366
0.03380039037241822
0.03380039037241911
0.03308618013234366
0.034359345218764936
0.03573619933385652
0.03675879612327382
0.03573619933385652
0.034359345218764936
0.035548915236253364
0.03766414874805735
0.03974796843370232
0.03974796843370232
0.03766414874807511
0.03554891523625514
0.036263776671210834
0.03915688302125764
0.04224119316629604
0.043288590028111695
0.04224119316629338
0.03915688302124476
0.036263776671209946
0.03596691427990262
0.039572396506629026
0.04340547035741249
0.045371875837009856
0.045371875837012965
0.04340547035741249
0.039572396506608154
0.03596691427990173
0.03415810139944053
0.03823590929581133
0.042334026110607326
0.04486846595285021
0.04572627096443327
0.04486846595285021
0.042334026110608214
0.03823590929581133
0.03415810139944053
0.0310844139917128
0.03208071986700034
0.031957124026042116
0.03380039037241822
0.03380039037241911
0.03308618013234366
0.03573619933385652
0.03675879612327382
0.03573619933385652
0.034359345218764936
0.03766414874805735
0.03974796843370232
0.03974796843370232
0.03766414874807511
0.03554891523625514
0.03915688302125764
0.04224119316629604
0.043288590028111695
0.04224119316629338
0.03915688302124476
0.036263776671209946
0.039572396506629026
0.04340547035741249
0.045371875837009856
0.045371875837012965
0.04340547035741249
0.039572396506608154
0.03596691427990173
0.03823590929581133
0.042334026110607326
0.04486846595285021
0.04572627096443327
0.04486846595285021
0.042334026110608214
0.03823590929581133
0.03415810139944053
0.0310844139917128
0.031957124026042116
0.03208071986700034
0.03308618013234366
0.03380039037241822
0.03380039037241911
0.034359345218764936
0.03573619933385652
0.03675879612327382
0.03573619933385652
0.035548915236253364
0.03766414874805735
0.03974796843370232
0.03974796843370232
0.03766414874807511
0.036263776671210834
0.03915688302125764
0.04224119316629604
0.043288590028111695
0.04224119316629338
0.03915688302124476
0.03596691427990262
0.039572396506629026
0.04340547035741249
0.045371875837009856
0.045371875837012965
0.04340547035741249
0.039572396506608154
0.03415810139944053
0.03823590929581133
0.042334026110607326
0.04486846595285021
0.04572627096443327
0.04486846595285021
0.042334026110608214
0.03823590929581133
0.03208071986700034
0.03380039037241822
0.03380039037241911
0.03573619933385652
0.03675879612327382
0.03573619933385652
0.03766414874805735
0.03974796843370232
0.03974796843370232
0.03766414874807511
0.03915688302125764
0.04224119316629604
0.043288590028111695
0.04224119316629338
0.03915688302124476
0.039572396506629026
0.04340547035741249
0.045371875837009856
0.045371875837012965
0.04340547035741249
0.039572396506608154
0.03823590929581133
0.042334026110607326
0.04486846595285021
0.04572627096443327
0.04486846595285021
0.042334026110608214
0.03823590929581133
