0.01200456285820195
0.01450715987253215
0.014475302674270996
0.014604101662607505
0.014637246504190404
0.014571297257583105
0.014717786073633832
0.014845946689292067
0.014844817461092674
0.014683550189959593
0.014836256559368266
0.015061957706920648
0.0152110645589274
0.015058900320541913
0.0148001646931748
0.014941951104407103
0.015267534461519183
0.015563858702200672
0.015561902461026289
0.015261704848523738
0.01490367230970513
0.015010923809683163
0.015437677125369031
0.015874133540680013
0.016018958294353514
0.015869343611857545
0.015428189411221371
0.014970262302209214
0.015012638494521724
0.015539576050718207
0.016103153991694708
0.016386126639576393
0.01638326354076458
0.01609461729889361
0.01552552214293268
0.014969577195187878
0.014911083899280086
0.015533415288588426
0.01620338786668496
0.01660874353068742
0.016742422121855505
0.016602087980673197
0.016190192000030024
0.015513906537492517
0.01486581688753752
0.01200456285820195
0.014796526792393738
0.015235406595657253
0.015555405415146328
0.015746144621823444
0.015796704799279748
0.015695296419966365
0.01542914843492671
0.014984982768768695
0.012004562858200174
0.014475302674270996
0.014637246504190404
0.014571297257583105
0.014845946689292067
0.014844817461092674
0.014683550189959593
0.015061957706920648
0.0152110645589274
0.015058900320541913
0.0148001646931748
0.015267534461519183
0.015563858702200672
0.015561902461026289
0.015261704848523738
0.014903672309704685
0.015437677125369031
0.015874133540680013
0.016018958294353514
0.015869343611857545
0.015428189411221371
0.014970262302209214
0.015539576050718207
0.016103153991694708
0.016386126639576393
0.01638326354076458
0.01609461729889361
0.01552552214293268
0.014969577195188766
0.015533415288588426
0.01620338786668496
0.01660874353068742
0.016742422121855505
0.016602087980673197
0.016190192000030024
0.015513906537492517
0.01486581688753752
0.014796526792393738
0.015235406595657253
0.015555405415146328
0.015746144621823444
0.015796704799279304
0.015695296419966365
0.015429148434927598
0.014984982768768695
0.012004562858200618
0.014459700436118883
0.014459700436118883
0.014557045860407403
0.014607560105931228
0.014557045860407403
0.014671439996262414
0.01481920352464483
0.01481920352464483
0.014671439996261526
0.014791071148839041
0.015039189591168345
0.015190729069257891
0.015039189591168345
0.01479107114883993
0.014898559520802213
0.015249951697773767
0.015550266262393642
0.015550266262393642
0.015249951697774211
0.014898559520799548
0.014970158596802285
0.0154266285886
0.01586894115533921
0.016017344989969207
0.015868941155344984
0.015426628588601776
0.014970158596802285
0.014975508185710584
0.015536433882907374
0.016108055738661697
0.016396554673312025
0.0163965546733138
0.016108055738661697
0.015536433882905598
0.014975508185711028
0.014878684451184565
0.015539359125040786
0.01621982811833078
0.016632952979066307
0.016771475040123995
0.016632952979065863
0.01621982811833167
0.01553935912504123
0.014878684451184565
0.01200456285820195
0.015156390914381035
0.015950650713581815
0.016487853932590113
0.016758788952291326
0.016758788952291326
0.016487853932589225
0.01595065071358004
0.015156390914380147
0.012004562858201062
0.014573500202364364
0.014780917697994056
0.014780917697993612
0.014995620345674254
0.0151453209768877
0.014995620345675587
0.015200108503571563
0.015496602396140258
0.015496602396138037
0.015200108503569343
0.015369712354900145
0.015806094736100285
0.015952499900440564
0.015806094736098508
0.015369712354898812
0.015472024526525185
0.01603554922084305
0.016319935879924863
0.016319935879886227
0.016035549220848377
0.015472024526528738
0.015467656596361401
0.01613794652164202
0.016544844120347513
0.016681270231438727
0.016544844120344404
0.01613794652163758
0.015467656596364066
0.014780444049361297
0.015220752576363239
0.015543235427283975
0.01573748989542567
0.015792528111796322
0.015696425107349476
0.015436182442874369
0.014998184805329107
0.01200456285820195
0.014459700436118883
0.014459700436118883
0.014557045860407403
0.014607560105931228
0.014557045860407403
0.014671439996261526
0.01481920352464483
0.01481920352464483
0.014671439996262414
0.01479107114883993
0.015039189591168345
0.015190729069257891
0.015039189591168345
0.014791071148839041
0.014898559520801768
0.015249951697773767
0.015550266262393642
0.015550266262393642
0.015249951697774211
0.014898559520799992
0.014970158596802285
0.0154266285886
0.01586894115533921
0.016017344989969207
0.015868941155344984
0.015426628588601776
0.014970158596802285
0.014975508185710584
0.015536433882907374
0.016108055738661697
0.016396554673312025
0.0163965546733138
0.016108055738661697
0.015536433882905598
0.014975508185711028
0.014878684451184565
0.015539359125040786
0.01621982811833078
0.016632952979066307
0.016771475040123995
0.016632952979065863
0.01621982811833167
0.01553935912504123
0.014878684451184565
0.014475302674270996
0.014571297257583105
0.014573500202364364
0.014683550189959593
0.014780917697994056
0.01478091769799228
0.0148001646931748
0.014995620345675587
0.015145320976886367
0.014995620345672478
0.01490367230970513
0.01520010850357556
0.015496602396137593
0.015496602396141146
0.015200108503568899
0.014970262302209214
0.015369712354899256
0.015806094736098952
0.01595249990044101
0.015806094736098952
0.015369712354900145
0.014969577195187878
0.015472024526525185
0.0160355492208466
0.016319935879924863
0.01631993587992575
0.016035549220841716
0.01547202452652785
0.01486581688753752
0.015467656596363621
0.016137946521638025
0.016544844120344848
0.01668127023143917
0.016544844120349733
0.016137946521684654
0.015467656596361401
0.012004562858200174
0.014998184805327774
0.015436182442875701
0.01569642510734459
0.015792528111798543
0.01573748989542434
0.01554323542728131
0.015220752576364127
0.014780444049361297
0.014475302674270996
0.014573500202364364
0.014571297257583105
0.014780917697994056
0.014780917697993612
0.014683550189959593
0.014995620345674254
0.0151453209768877
0.014995620345675587
0.0148001646931748
0.015200108503571563
0.015496602396140258
0.015496602396138037
0.015200108503569343
0.014903672309704685
0.015369712354900145
0.015806094736100285
0.015952499900440564
0.015806094736098508
0.015369712354898812
0.014970262302209214
0.015472024526525185
0.01603554922084305
0.016319935879924863
0.016319935879886227
0.016035549220848377
0.015472024526528738
0.014969577195188766
0.015467656596361401
0.01613794652164202
0.016544844120347513
0.016681270231438727
0.016544844120344404
0.01613794652163758
0.015467656596364066
0.01486581688753752
0.014780444049361297
0.015220752576363239
0.015543235427283975
0.01573748989542567
0.015792528111796322
0.015696425107349476
0.015436182442874369
0.014998184805329107
0.012004562858201062
0.01450715987253215
0.014604101662607505
0.014637246504190404
0.014717786073633832
0.014845946689292067
0.014844817461092674
0.014836256559368266
0.015061957706920648
0.0152110645589274
0.015058900320541913
0.014941951104407103
0.015267534461519183
0.015563858702200672
0.015561902461026289
0.015261704848523738
0.015010923809683163
0.015437677125369031
0.015874133540680013
0.016018958294353514
0.015869343611857545
0.015428189411221371
0.015012638494521724
0.015539576050718207
0.016103153991694708
0.016386126639576393
0.01638326354076458
0.01609461729889361
0.01552552214293268
0.014911083899280086
0.015533415288588426
0.01620338786668496
0.01660874353068742
0.016742422121855505
0.016602087980673197
0.016190192000030024
0.015513906537492517
0.01200456285820195
0.014796526792393738
0.015235406595657253
0.015555405415146328
0.015746144621823444
0.015796704799279304
0.015695296419966365
0.015429148434927598
0.014984982768768695
0.014637246504190404
0.014845946689292067
0.014844817461092674
0.015061957706920648
0.0152110645589274
0.015058900320541913
0.015267534461519183
0.015563858702200672
0.015561902461026289
0.015261704848523738
0.015437677125369031
0.015874133540680013
0.016018958294353514
0.015869343611857545
0.015428189411221371
0.015539576050718207
0.016103153991694708
0.016386126639576393
0.01638326354076458
0.01609461729889361
0.01552552214293268
0.015533415288588426
0.01620338786668496
0.01660874353068742
0.016742422121855505
0.016602087980673197
0.016190192000030024
0.015513906537492517
0.014796526792393738
0.015235406595657253
0.015555405415146328
0.015746144621823444
0.015796704799279304
0.015695296419966365
0.015429148434927598
0.014984982768768695
0.014796046287509856
0.014831775393455704
0.015235003973536276
0.01463724650418996
0.015277376188093772
0.015555345620982486
0.014844817461092674
0.014845946689289402
0.015602820003113305
0.015746583439770756
0.015058900320543689
0.015211064558930065
0.015061957706922424
0.015797522755829796
0.01579764090069702
0.015261704848523738
0.015561902461026733
0.015563858702196232
0.015267534461516519
0.015850370028348326
0.015696528812750632
0.015428189411221815
0.01586934361185799
0.016018958294390817
0.015874133540673352
0.015437677125366811
0.015749388871136194
0.015430251452353883
0.01552552214296421
0.016094617298937575
0.0163832635407668
0.016386126639577725
0.016103153991694708
0.015539576050710657
0.015481644604048661
0.014985317241682061
0.0155139065375689
0.016190192000027803
0.01660208798067586
0.016742422121856393
0.016608743530687864
0.016203387866683183
0.015533415288588426
0.015033737406829673
0.01200456285820195
0.015104483122911905
0.01588982269209316
0.016421562930508227
0.016690673390268085
0.01669256336841407
0.016427200846173662
0.01589911331160998
0.01511727040563704
0.014459700436118883
0.014557045860407403
0.014573500202364364
0.014671439996261526
0.014780917697994056
0.014780917697993612
0.01479107114883993
0.014995620345674254
0.0151453209768877
0.014995620345675587
0.014898559520801768
0.015200108503571563
0.015496602396140258
0.015496602396138037
0.015200108503569343
0.014970158596802285
0.015369712354900145
0.015806094736100285
0.015952499900440564
0.015806094736098508
0.015369712354898812
0.014975508185710584
0.015472024526525185
0.01603554922084305
0.016319935879924863
0.016319935879886227
0.016035549220848377
0.015472024526528738
0.014878684451184565
0.015467656596361401
0.01613794652164202
0.016544844120347513
0.016681270231438727
0.016544844120344404
0.01613794652163758
0.015467656596364066
0.014459700436118883
0.014607560105931228
0.014557045860407403
0.01481920352464483
0.01481920352464483
0.014671439996261526
0.015039189591168345
0.015190729069257891
0.015039189591168345
0.01479107114883993
0.015249951697773767
0.015550266262393642
0.015550266262393642
0.015249951697774211
0.014898559520799548
0.0154266285886
0.01586894115533921
0.016017344989969207
0.015868941155344984
0.015426628588601776
0.014970158596802285
0.015536433882907374
0.016108055738661697
0.016396554673312025
0.0163965546733138
0.016108055738661697
0.015536433882905598
0.014975508185711028
0.015539359125040786
0.01621982811833078
0.016632952979066307
0.016771475040123995
0.016632952979065863
0.01621982811833167
0.01553935912504123
0.014878684451184565
0.015156390914381035
0.015950650713581815
0.016487853932590113
0.016758788952291326
0.016758788952291326
0.016487853932589225
0.01595065071358004
0.015156390914380147
0.012004562858201062
0.014573500202364364
0.014780917697994056
0.014780917697993612
0.014995620345674254
0.0151453209768877
0.014995620345675587
0.015200108503571563
0.015496602396140258
0.015496602396138037
0.015200108503569343
0.015369712354900145
0.015806094736100285
0.015952499900440564
0.015806094736098508
0.015369712354898812
0.015472024526525185
0.01603554922084305
0.016319935879924863
0.016319935879886227
0.016035549220848377
0.015472024526528738
0.015467656596361401
0.01613794652164202
0.016544844120347513
0.016681270231438727
0.016544844120344404
0.01613794652163758
0.015467656596364066
0.014780444049361297
0.015220752576363239
0.015543235427283975
0.01573748989542567
0.015792528111796322
0.015696425107349476
0.015436182442874369
0.014998184805329107
0.014780444049361297
0.014607560105931228
0.015220752576363239
0.014819203524644387
0.014819203524644387
0.015543235427283975
0.015039189591166569
0.015190729069257891
0.015039189591166569
0.01573748989542567
0.015249951697772879
0.015550266262392753
0.015550266262392753
0.015249951697774655
0.015792528111798543
0.015426628588597335
0.015868941155344096
0.016017344989968763
0.015868941155346317
0.015426628588595115
0.01569642510734859
0.01553643388290915
0.016108055738656812
0.01639655467331247
0.016396554673312025
0.016108055738656812
0.015536433882906486
0.015436182442875701
0.01553935912503146
0.01621982811832945
0.016632952979066307
0.016771475040123995
0.016632952979066307
0.01621982811833078
0.015539359125032792
0.014998184805327774
0.015156390914380147
0.015950650713578263
0.016487853932590113
0.016758788952291326
0.016758788952291326
0.016487853932589225
0.015950650713575598
0.015156390914379259
0.014780444049361297
0.014607560105931228
0.015220752576363239
0.014819203524644387
0.014819203524644387
0.015543235427283975
0.015039189591166569
0.015190729069257891
0.015039189591166569
0.01573748989542567
0.015249951697772879
0.015550266262392753
0.015550266262392753
0.015249951697774655
0.015792528111798543
0.015426628588597335
0.015868941155344096
0.016017344989968763
0.015868941155346317
0.015426628588595115
0.01569642510734859
0.01553643388290915
0.016108055738656812
0.01639655467331247
0.016396554673312025
0.016108055738656812
0.015536433882906486
0.015436182442875701
0.01553935912503146
0.01621982811832945
0.016632952979066307
0.016771475040123995
0.016632952979066307
0.01621982811833078
0.015539359125032792
0.014998184805327774
0.014573500202364364
0.014780917697994056
0.01478091769799228
0.014995620345675587
0.015145320976886367
0.014995620345672478
0.01520010850357556
0.015496602396137593
0.015496602396141146
0.015200108503568899
0.015369712354899256
0.015806094736098952
0.01595249990044101
0.015806094736098952
0.015369712354900145
0.015472024526525185
0.0160355492208466
0.016319935879924863
0.01631993587992575
0.016035549220841716
0.01547202452652785
0.015467656596363621
0.016137946521638025
0.016544844120344848
0.01668127023143917
0.016544844120347513
0.016137946521685098
0.015467656596361401
0.014607560105931228
0.014819203524644387
0.014819203524644387
0.015039189591166569
0.015190729069257891
0.015039189591166569
0.015249951697772879
0.015550266262392753
0.015550266262392753
0.015249951697774655
0.015426628588597335
0.015868941155344096
0.016017344989968763
0.015868941155346317
0.015426628588595115
0.01553643388290915
0.016108055738656812
0.01639655467331247
0.016396554673312025
0.016108055738656812
0.015536433882906042
0.01553935912503146
0.01621982811832945
0.016632952979066307
0.016771475040123995
0.016632952979066307
0.01621982811833078
0.015539359125032792
0.014459700436118883
0.014573500202364364
0.014557045860407403
0.014780917697994056
0.01478091769799228
0.014671439996262414
0.014995620345675587
0.015145320976886367
0.014995620345672478
0.014791071148839041
0.01520010850357556
0.015496602396137593
0.015496602396141146
0.015200108503568899
0.014898559520799992
0.015369712354899256
0.015806094736098952
0.01595249990044101
0.015806094736098952
0.015369712354900145
0.014970158596802285
0.015472024526525185
0.0160355492208466
0.016319935879924863
0.01631993587992575
0.016035549220841716
0.01547202452652785
0.014975508185711028
0.015467656596363621
0.016137946521638025
0.016544844120344848
0.01668127023143917
0.016544844120347513
0.016137946521685098
0.015467656596361401
0.014878684451184565
0.014459700436118883
0.014557045860407403
0.014607560105931228
0.014671439996261526
0.01481920352464483
0.01481920352464483
0.01479107114883993
0.015039189591168345
0.015190729069257891
0.015039189591168345
0.014898559520801768
0.015249951697773767
0.015550266262393642
0.015550266262393642
0.015249951697774211
0.014970158596802285
0.0154266285886
0.01586894115533921
0.016017344989969207
0.015868941155344984
0.015426628588601776
0.014975508185710584
0.015536433882907374
0.016108055738661697
0.016396554673312025
0.0163965546733138
0.016108055738661697
0.015536433882905598
0.014878684451184565
0.015539359125040786
0.01621982811833078
0.016632952979066307
0.016771475040123995
0.016632952979065863
0.01621982811833167
0.01553935912504123
0.014573500202364364
0.014780917697994056
0.014780917697993612
0.014995620345674254
0.0151453209768877
0.014995620345675587
0.015200108503571563
0.015496602396140258
0.015496602396138037
0.015200108503569343
0.015369712354900145
0.015806094736100285
0.015952499900440564
0.015806094736098508
0.015369712354898812
0.015472024526525185
0.01603554922084305
0.016319935879924863
0.016319935879886227
0.016035549220848377
0.015472024526528738
0.015467656596361401
0.016137946521641577
0.016544844120349733
0.016681270231438727
0.016544844120344404
0.01613794652163758
0.015467656596364066
