0.44156039721762863
0.2503281181254571
0.24687228434173647
0.055983256131693034
0.10809172774693912
0.09406203160451045
0.005382482606061245
0.02264654892916509
0.029250035813298252
0.023421995477399492
0.0003390407647287309
0.0020960564855832023
0.004317423809640039
0.0041778582007812185
0.003404600810822762
3.3472879763397874e-6
6.592838618456035e-5
0.0003045055644344973
0.00045493049648100516
0.0003315367306004244
0.00024285695831851225
3.597431276331801e-8
6.268198313575594e-8
3.4459875521349145e-8
0.0
0.0
0.0
0.0
0.0
2.722905662330066e-11
0.0
0.0
0.0
0.0
0.0
0.0
0.0
0.0
0.0
0.0
0.0
0.0
0.0
0.0
0.0
0.0
0.0
0.0
0.0
0.0
0.0
0.0
0.0
0.0
0.0
0.0
0.0
0.0
0.0
0.0
0.0
0.0
0.0
0.0
0.0
0.0
0.0
0.0
0.0
0.0
0.0
0.0
0.0
0.0
0.0
0.0
0.0
0.0
0.0
0.0
0.0
0.0
0.0
0.0
0.0
0.0
0.0
0.0
0.0
0.0
0.0
0.0
0.0
0.0
0.0
0.0
0.0
0.0
0.0
0.0
0.0
0.0
0.0
0.0
0.0
0.0
0.0
0.0
0.0
0.0
0.0
0.0
0.0
0.0
0.0
0.0
0.0
0.0
0.0
0.0
0.592181750125776
0.2980526591926758
0.6218250863237286
0.07024237710616252
0.3109321374846657
0.610876557030229
0.009208261112935498
0.09137149569567912
0.33018267435815646
0.6142669529639123
0.0005980414834538783
0.015438972658469528
0.11203315395292829
0.34751312735546885
0.6217485237506429
1.183655744419548e-5
0.0011850547432508502
0.020927959136823066
0.12631085975136883
0.36027965640511084
0.6305043615955954
1.340753546940925e-7
2.164200072542747e-5
0.0016618431844229763
0.024818269441365795
0.13529881859935913
0.36832905506220415
0.6382091639552168
0.0
0.0
2.4342354810986884e-5
0.0019502823175984647
0.027355657745866478
0.13959963632284947
0.3712266158510003
0.6450183742813157
0.0
0.0
0.0
2.1414432056638424e-5
0.002247903855011689
0.028550484152606116
0.1379637738441885
0.36833715086146784
0.6532571417280963
0.0
0.0
0.0
0.0
4.842107853472285e-5
0.0025692050940424697
0.027025638788731866
0.12939379725248393
0.36195492666179063
0.6669974382890639
0.0
0.0
0.0
0.0
0.0
8.370186676386191e-5
0.0023710445983703785
0.022805357061591144
0.12316715249377568
0.3664714766167596
0.6659044501768697
0.0
0.0
0.0
0.0
0.0
0.0
6.69480877263729e-5
0.0016001061774747318
0.023969547884037285
0.13223410575155106
0.37348146323325426
0.6674595491714393
0.0
0.0
0.0
0.0
0.0
0.0
0.0
3.528592297041805e-5
0.002551696814532735
0.028513549111865218
0.13619439063224376
0.3688851528148194
0.6374113659693871
0.0
0.0
0.0
0.0
0.0
0.0
0.0
0.0
4.4772496099307065e-5
0.0008976040382814732
0.018644680048455067
0.10306534387602213
0.2691519819416738
0.4642407485815689
0.593483872442607
0.6628933307469149
0.32554829278165465
0.6746365846538176
0.352573638563664
0.11997538389150339
0.6678889515732722
0.35498010857360107
0.13324541081873784
0.030534277040978355
0.658112781920392
0.3543776420111387
0.13420362257588173
0.035152199398248624
0.004947478791733141
0.6494301533686758
0.35505701648225174
0.13230101109796863
0.03483248549608358
0.005796862806687137
0.00043002034472202743
0.640608853326388
0.35801685090710095
0.13216581272824443
0.03223059482676172
0.005263860582958916
0.00044314609359246554
0.0
0.6326647920044084
0.3562460910060412
0.13506520767558253
0.03127406650303529
0.004109776679118165
0.0003129137118721457
0.0
0.0
0.6289695075125898
0.34906337455991854
0.13324372785395297
0.03211205919247209
0.003772617053819488
0.00016065737301585177
0.0
0.0
0.0
0.6304372056951353
0.3428811138173907
0.12612391733656939
0.030276391176368243
0.0038872024629912354
0.00014505552055587298
0.0
0.0
0.0
0.0
0.6287395880137813
0.34180559291207835
0.12052425751866334
0.02651918293144452
0.00325421167702134
0.000158523604130702
0.0
0.0
0.0
0.0
0.0
0.6309705820567093
0.33406310516253307
0.11718642504601277
0.024339518719846368
0.0024233071033578587
9.675903339791873e-5
0.0
0.0
0.0
0.0
0.0
0.0
0.5729617820231435
0.29454311372109426
0.10411572110941443
0.022527326087623988
0.002119067306087543
4.553249374120838e-5
0.0
0.0
0.0
0.0
0.0
0.0
0.0
0.4125946387728485
0.19563471461758558
0.06493438379680648
0.014280352056871753
0.0016839697873334838
3.7857451796353496e-5
0.0
0.0
0.0
0.0
0.0
0.0
0.0
0.0
0.792601917590012
0.8744727753027648
0.8458167502496097
0.8806338167571778
0.9345414127617839
0.8399290823995569
0.868173473948563
0.9546130484649837
0.9417936023427799
0.8346380849549667
0.855148833600577
0.9525893127961318
0.9723942187175205
0.9428286279704328
0.8373006445156177
0.843466306635176
0.9464130716788552
0.9761277295571807
0.9754836779689443
0.94630322399235
0.8440865214483766
0.8348944059551142
0.9408332654769777
0.9747673317933341
0.9798622891906789
0.976838142864918
0.9504257651549891
0.8519406231254736
0.8325788976713979
0.939208577225992
0.9739534146742533
0.9799034924471288
0.9801995290521905
0.9776831312837603
0.9542910260710861
0.863356958098971
0.8348605695407155
0.9410024481553674
0.9744569819481547
0.9795697234979989
0.9796638772158908
0.9795271147243492
0.9777956430164
0.9593072974511767
0.8802395323074217
0.8328188868420544
0.9397251846896355
0.9727582423868794
0.9755953033498
0.9731347215129889
0.971429451400433
0.9714045560169118
0.9720007450884641
0.9605961205081888
0.8828920960357041
0.8332698511490566
0.936799052088147
0.9640040004349097
0.9565795315190662
0.9427814035758953
0.932786941265668
0.9290913303203938
0.9321664740067376
0.939936982143232
0.9380370202890048
0.8686759097417419
0.7939040286372205
0.911193904043934
0.9281463707885422
0.8926189625540982
0.8536110907103672
0.8275216036747898
0.8148300962680374
0.8141160873424524
0.8255249183320819
0.848702780209228
0.8624385579337104
0.8137715885935345
0.6012709451416811
0.7377152354207708
0.7641711335564284
0.706556765913287
0.6591450694654215
0.6363902970707447
0.6251308292324914
0.6195326038714748
0.617911135020531
0.620934138895443
0.6336360854828157
0.649125579897321
0.6195194540852642
0.0
0.0
0.0
0.0
0.0
0.0
0.0
0.0
0.0
0.0
0.0
0.0
0.0
0.0
0.0
0.0
0.0
0.0
0.0
0.0
0.0
0.0
0.0
0.0
0.0
0.0
0.0
0.0
0.0
0.0
0.0
0.0
0.0
0.0
0.0
0.0
0.0
0.0
0.0
0.0
0.0
0.0
0.0
0.0
0.0
0.0
0.0
0.0
0.0
0.0
0.0
0.0
0.0
0.0
0.0
0.0
0.0
0.0
0.0
0.0
0.0
0.0
0.0
0.0
0.0
0.0
0.0
0.0
0.0
0.0
0.0
0.0
0.0
0.0
0.0
0.0
0.0
0.0
0.0
0.0
0.0
0.0
0.0
0.0
0.0
0.0
0.0
0.0
0.0
0.0
0.0
0.0
0.0
0.0
0.0
0.0
0.0
0.0
0.0
0.0
0.0
0.0
0.0
0.0
0.0
0.0
0.0
0.0
0.0
0.0
0.0
0.0
0.0
0.0
0.0
0.0
0.0
0.0
0.0
0.0
0.0
0.0
0.0
0.0
0.0
0.0
0.0
0.0
0.0
0.0
0.0
0.0
0.0
0.0
0.0
0.0
0.0
0.0
0.0
0.0
0.0
0.0
0.0
0.0
0.0
0.0
0.0
0.0
0.0
0.00017580190939836516
0.0
0.0
0.0
0.0
0.0
0.0
0.0
7.961138626420048e-7
0.00013324067039058218
0.0013751261160414895
0.0
0.0
0.0
0.0
0.0
0.0
0.0
3.088099407334002e-6
0.00020811385659491637
0.001484493308797535
0.011426946524550063
0.0
0.0
0.0
0.0
0.0
0.0
0.0
2.71931388045933e-6
0.00022379198317233184
0.00174480823892894
0.01901230500309383
0.07150216938582049
0.0
0.0
0.0
0.0
0.0
0.0
0.0
4.870749822161757e-7
0.00012673542021251797
0.0014530317440141487
0.02459667395576683
0.10563647269150694
0.22648733171444865
0.0
0.0
0.0
0.0
0.0
0.0
0.0
0.0
0.0
0.0
0.0
0.0
0.0
0.0
0.0
0.0
0.0
0.0
0.0
0.0
0.0
0.0
0.0
0.0
0.0
0.0
0.0
0.0
0.0
0.0
0.0
0.0
0.0
0.0
0.0
0.0
1.2643776542691097e-5
0.0
0.0
0.0
0.0
0.0
0.0
0.0
0.0
0.0006972161075560522
2.074305454327228e-5
0.0
0.0
0.0
0.0
0.0
0.0
0.0
0.0
0.011788025326588493
0.0013874122904353184
2.941917864482525e-5
0.0
0.0
0.0
0.0
0.0
0.0
0.0
0.0
0.06349572235905152
0.013278180293422023
0.001358152628848621
3.416213137547591e-5
0.0
0.0
0.0
0.0
0.0
0.0
0.0
0.0
0.20500504982293266
0.06231120970655136
0.012010151177305048
0.0010787115749260612
4.005211908219481e-5
0.0
0.0
0.0
0.0
0.0
0.0
0.0
0.0
0.0
0.0
0.0
0.0
0.0
0.0
0.0
0.0
0.0
0.0
0.0
0.0
0.0
0.0
0.0
0.0
0.0
0.0
0.0
0.0
0.0
0.0
0.0
0.0
0.0
0.0
0.0
0.0
2.3209697201167693e-5
8.722695456375504e-6
8.060043784425159e-5
0.0003409899023868788
0.0006646268618915071
0.0008533558561335866
0.0008009701942404924
0.0005392766826096298
0.0005522208047123593
0.0007266123230862413
0.001574071899237194
0.004236460971186719
0.007366544874001474
0.00984840271108038
0.010342301363565419
0.008715908882367838
0.005674060536011709
0.008936239458501015
0.008063289987369333
0.013048398072225836
0.02848459095144097
0.04319823351115833
0.05280474780352375
0.05617362651256579
0.05296599949567299
0.043324647913861626
0.02911086064671171
0.07063982062180588
0.0607485157244966
0.07296182547482812
0.11819351461738489
0.1540872638257474
0.17339295367502344
0.18013086705447662
0.17641771993100858
0.16331391810928647
0.13889975993452788
0.10240884972077695
0.27000305494168514
0.27653295891539825
0.2837387060848595
0.33755863312199796
0.3741854184286475
0.38685143020719187
0.3901035663080973
0.38703148789596825
0.3778773985628547
0.3629993494680204
0.3383027013777483
0.2942046768008433
