0.010323854337602967
0.018916178866196454
0.018916178866196454
0.026069356103969987
0.0248080181060768
0.026069356103969987
0.033704755551933197
0.034112657573659
0.034112657573658556
0.033704755551933197
0.038989661563030076
0.042790385107896345
0.04649690524750927
0.0427903851078959
0.03898966156302919
0.03898966156302919
0.04649690524751282
0.05564297444016253
0.05564297444016297
0.046496905247507936
0.038989661563030964
0.03370475555193053
0.04279038510789368
0.055642974440168746
0.06133199125268174
0.05564297444016342
0.04279038510786881
0.033704755551929644
0.02606935610396821
0.0341126575736741
0.04649690524750527
0.055642974440162085
0.05564297444016386
0.046496905247503495
0.034112657573670546
0.02606935610396821
0.018916178866196454
0.024808018106075025
0.034112657573669214
0.042790385107896345
0.04649690524750927
0.042790385107898565
0.03411265757367099
0.02480801810607547
0.018916178866196454
0.010323854337602967
0.018916178866196454
0.0260693561039691
0.033704755551933197
0.0389896615630283
0.0389896615630283
0.03370475555193053
0.0260693561039691
0.018916178866196454
0.010323854337602967
0.018916178866196454
0.0248080181060768
0.026069356103969987
0.034112657573659
0.034112657573658556
0.033704755551933197
0.042790385107896345
0.04649690524750927
0.0427903851078959
0.03898966156302919
0.04649690524751282
0.05564297444016253
0.05564297444016297
0.046496905247507936
0.038989661563030964
0.04279038510789368
0.055642974440168746
0.06133199125268174
0.05564297444016342
0.04279038510786881
0.033704755551929644
0.0341126575736741
0.04649690524750527
0.055642974440162085
0.05564297444016386
0.046496905247503495
0.034112657573670546
0.02606935610396821
0.024808018106075025
0.034112657573669214
0.042790385107896345
0.04649690524750927
0.042790385107898565
0.03411265757367099
0.02480801810607547
0.018916178866196454
0.018916178866196454
0.0260693561039691
0.033704755551933197
0.0389896615630283
0.0389896615630283
0.03370475555193053
0.0260693561039691
0.018916178866196454
0.010323854337602967
0.018916178866196454
0.026069356103969987
0.0248080181060768
0.033704755551933197
0.034112657573659
0.034112657573658556
0.038989661563030076
0.042790385107896345
0.04649690524750927
0.0427903851078959
0.03898966156302919
0.04649690524751282
0.05564297444016253
0.05564297444016297
0.046496905247507936
0.03370475555193053
0.04279038510789368
0.055642974440168746
0.06133199125268174
0.05564297444016342
0.04279038510786881
0.02606935610396821
0.0341126575736741
0.04649690524750527
0.055642974440162085
0.05564297444016386
0.046496905247503495
0.034112657573670546
0.018916178866196454
0.024808018106075025
0.034112657573669214
0.042790385107896345
0.04649690524750927
0.042790385107898565
0.03411265757367099
0.02480801810607547
0.010323854337602967
0.018916178866196454
0.0260693561039691
0.033704755551933197
0.0389896615630283
0.0389896615630283
0.03370475555193053
0.0260693561039691
0.018916178866196454
0.0248080181060768
0.034112657573659
0.034112657573658556
0.042790385107896345
0.04649690524750927
0.0427903851078959
0.04649690524751282
0.05564297444016253
0.05564297444016297
0.046496905247507936
0.04279038510789368
0.055642974440168746
0.06133199125268174
0.05564297444016342
0.04279038510786881
0.0341126575736741
0.04649690524750527
0.055642974440162085
0.05564297444016386
0.046496905247503495
0.034112657573670546
0.024808018106075025
0.034112657573669214
0.042790385107896345
0.04649690524750927
0.042790385107898565
0.03411265757367099
0.02480801810607547
0.018916178866196454
0.0260693561039691
0.033704755551933197
0.0389896615630283
0.0389896615630283
0.03370475555193053
0.0260693561039691
0.018916178866196454
0.010323854337602967
0.018916178866196454
0.018916178866196454
0.026069356103969987
0.0248080181060768
0.026069356103969987
0.033704755551933197
0.034112657573659
0.034112657573658556
0.033704755551933197
0.038989661563030076
0.042790385107896345
0.04649690524750927
0.0427903851078959
0.03898966156302919
0.03898966156302919
0.04649690524751282
0.05564297444016253
0.05564297444016297
0.046496905247507936
0.038989661563030964
0.03370475555193053
0.04279038510789368
0.055642974440168746
0.06133199125268174
0.05564297444016342
0.04279038510786881
0.033704755551929644
0.02606935610396821
0.0341126575736741
0.04649690524750527
0.055642974440162085
0.05564297444016386
0.046496905247503495
0.034112657573670546
0.02606935610396821
0.018916178866196454
0.024808018106075025
0.034112657573669214
0.042790385107896345
0.04649690524750927
0.042790385107898565
0.03411265757367099
0.02480801810607547
0.018916178866196454
0.018916178866196454
0.0248080181060768
0.026069356103969987
0.034112657573659
0.034112657573658556
0.033704755551933197
0.042790385107896345
0.04649690524750927
0.0427903851078959
0.03898966156302919
0.04649690524751282
0.05564297444016253
0.05564297444016297
0.046496905247507936
0.038989661563030964
0.04279038510789368
0.055642974440168746
0.06133199125268174
0.05564297444016342
0.04279038510786881
0.033704755551929644
0.0341126575736741
0.04649690524750527
0.055642974440162085
0.05564297444016386
0.046496905247503495
0.034112657573670546
0.02606935610396821
0.024808018106075025
0.034112657573669214
0.042790385107896345
0.04649690524750927
0.042790385107898565
0.03411265757367099
0.02480801810607547
0.018916178866196454
0.018916178866196454
0.026069356103969987
0.0248080181060768
0.033704755551933197
0.034112657573659
0.034112657573658556
0.038989661563030076
0.042790385107896345
0.04649690524750927
0.0427903851078959
0.03898966156302919
0.04649690524751282
0.05564297444016253
0.05564297444016297
0.046496905247507936
0.03370475555193053
0.04279038510789368
0.055642974440168746
0.06133199125268174
0.05564297444016342
0.04279038510786881
0.02606935610396821
0.0341126575736741
0.04649690524750527
0.055642974440162085
0.05564297444016386
0.046496905247503495
0.034112657573670546
0.018916178866196454
0.024808018106075025
0.034112657573669214
0.042790385107896345
0.04649690524750927
0.042790385107898565
0.03411265757367099
0.02480801810607547
0.0248080181060768
0.034112657573659
0.034112657573658556
0.042790385107896345
0.04649690524750927
0.0427903851078959
0.04649690524751282
0.05564297444016253
0.05564297444016297
0.046496905247507936
0.04279038510789368
0.055642974440168746
0.06133199125268174
0.05564297444016342
0.04279038510786881
0.0341126575736741
0.04649690524750527
0.055642974440162085
0.05564297444016386
0.046496905247503495
0.034112657573670546
0.024808018106075025
0.034112657573669214
0.042790385107896345
0.04649690524750927
0.042790385107898565
0.03411265757367099
0.02480801810607547
