0.003931373949846773
0.006688914154577397
0.006688914154577397
0.008292273355335666
0.007961515299840904
0.008292273355335666
0.010143875263547208
0.009917936658126791
0.00991793665812235
0.010143875263547208
0.012113195856533032
0.012136090158270552
0.012470810461370885
0.012136090158272328
0.012113195856533032
0.013941084576630125
0.01439888166341774
0.015311867800329892
0.015311867800330337
0.014398881663418628
0.013941084576630125
0.015267597412932155
0.016324204123023378
0.018063918261362666
0.018712452640297528
0.018063918261321366
0.01632420412302693
0.015267597412932155
0.0157564852986134
0.017451461193101814
0.020130057204715612
0.021732326873195262
0.02173232687319704
0.020130057204715612
0.017451461193102702
0.0157564852986134
0.015267597412927714
0.017451461193102258
0.020906115503890543
0.023553961638639542
0.024560171817030074
0.023553961638639542
0.020906115503890987
0.017451461193102258
0.015267597412927714
0.013941084576629237
0.016324204123023822
0.02013005720471117
0.023553961638636434
0.02563827197089452
0.02563827197089452
0.0235539616386351
0.02013005720471206
0.016324204123026487
0.013941084576629237
0.01211319585652948
0.01439888166341996
0.018063918261364886
0.021732326873194818
0.024560171817031407
0.025638271970896298
0.024560171817031407
0.02173232687319704
0.018063918261321366
0.014398881663419072
0.01211319585652948
0.01014387526354632
0.012136090158270996
0.015311867800329892
0.018712452640297972
0.021732326873196595
0.023553961638641763
0.023553961638644427
0.02173232687319615
0.01871245264029886
0.015311867800330337
0.01213609015826922
0.01014387526354632
0.008292273355336555
0.009917936658121018
0.012470810461372661
0.015311867800330337
0.018063918261320477
0.020130057204716945
0.020906115503888323
0.020130057204714724
0.018063918261320033
0.015311867800331225
0.012470810461369997
0.00991793665812013
0.008292273355336555
0.006688914154577397
0.00796151529984579
0.009917936658127235
0.012136090158271884
0.014398881663419516
0.016324204123025154
0.017451461193101814
0.017451461193101814
0.01632420412302249
0.014398881663419072
0.012136090158270996
0.009917936658127235
0.007961515299846234
0.006688914154577397
0.003931373949846773
0.006688914154577397
0.008292273355333002
0.010143875263547208
0.012113195856533032
0.013941084576630125
0.015267597412932155
0.015756485298609846
0.015267597412926825
0.013941084576630125
0.012113195856532144
0.01014387526354632
0.008292273355336555
0.006688914154577397
0.003931373949846773
0.006688914154577397
0.007961515299840904
0.008292273355335666
0.009917936658126791
0.00991793665812235
0.010143875263547208
0.012136090158270552
0.012470810461370885
0.012136090158272328
0.012113195856533032
0.01439888166341774
0.015311867800329892
0.015311867800330337
0.014398881663418628
0.013941084576630125
0.016324204123023378
0.018063918261362666
0.018712452640297528
0.018063918261321366
0.01632420412302693
0.015267597412932155
0.017451461193101814
0.020130057204715612
0.021732326873195262
0.02173232687319704
0.020130057204715612
0.017451461193102702
0.0157564852986134
0.017451461193102258
0.020906115503890543
0.023553961638639542
0.024560171817030074
0.023553961638639542
0.020906115503890987
0.017451461193102258
0.015267597412927714
0.016324204123023822
0.02013005720471117
0.023553961638636434
0.02563827197089452
0.02563827197089452
0.0235539616386351
0.02013005720471206
0.016324204123026487
0.013941084576629237
0.01439888166341996
0.018063918261364886
0.021732326873194818
0.024560171817031407
0.025638271970896298
0.024560171817031407
0.02173232687319704
0.018063918261321366
0.014398881663419072
0.01211319585652948
0.012136090158270996
0.015311867800329892
0.018712452640297972
0.021732326873196595
0.023553961638641763
0.023553961638644427
0.02173232687319615
0.01871245264029886
0.015311867800330337
0.01213609015826922
0.01014387526354632
0.009917936658121018
0.012470810461372661
0.015311867800330337
0.018063918261320477
0.020130057204716945
0.020906115503888323
0.020130057204714724
0.018063918261320033
0.015311867800331225
0.012470810461369997
0.00991793665812013
0.008292273355336555
0.00796151529984579
0.009917936658127235
0.012136090158271884
0.014398881663419516
0.016324204123025154
0.017451461193101814
0.017451461193101814
0.01632420412302249
0.014398881663419072
0.012136090158270996
0.009917936658127235
0.007961515299846234
0.006688914154577397
0.006688914154577397
0.008292273355333002
0.010143875263547208
0.012113195856533032
0.013941084576630125
0.015267597412932155
0.015756485298609846
0.015267597412926825
0.013941084576630125
0.012113195856532144
0.01014387526354632
0.008292273355336555
0.006688914154577397
0.003931373949846773
0.006688914154577397
0.008292273355335666
0.007961515299840904
0.010143875263547208
0.009917936658126791
0.00991793665812235
0.012113195856533032
0.012136090158270552
0.012470810461370885
0.012136090158272328
0.013941084576630125
0.01439888166341774
0.015311867800329892
0.015311867800330337
0.014398881663418628
0.015267597412932155
0.016324204123023378
0.018063918261362666
0.018712452640297528
0.018063918261321366
0.01632420412302693
0.0157564852986134
0.017451461193101814
0.020130057204715612
0.021732326873195262
0.02173232687319704
0.020130057204715612
0.017451461193102702
0.015267597412927714
0.017451461193102258
0.020906115503890543
0.023553961638639542
0.024560171817030074
0.023553961638639542
0.020906115503890987
0.017451461193102258
0.013941084576629237
0.016324204123023822
0.02013005720471117
0.023553961638636434
0.02563827197089452
0.02563827197089452
0.0235539616386351
0.02013005720471206
0.016324204123026487
0.01211319585652948
0.01439888166341996
0.018063918261364886
0.021732326873194818
0.024560171817031407
0.025638271970896298
0.024560171817031407
0.02173232687319704
0.018063918261321366
0.014398881663419072
0.01014387526354632
0.012136090158270996
0.015311867800329892
0.018712452640297972
0.021732326873196595
0.023553961638641763
0.023553961638644427
0.02173232687319615
0.01871245264029886
0.015311867800330337
0.01213609015826922
0.008292273355336555
0.009917936658121018
0.012470810461372661
0.015311867800330337
0.018063918261320477
0.020130057204716945
0.020906115503888323
0.020130057204714724
0.018063918261320033
0.015311867800331225
0.012470810461369997
0.00991793665812013
0.006688914154577397
0.00796151529984579
0.009917936658127235
0.012136090158271884
0.014398881663419516
0.016324204123025154
0.017451461193101814
0.017451461193101814
0.01632420412302249
0.014398881663419072
0.012136090158270996
0.009917936658127235
0.007961515299846234
0.003931373949846773
0.006688914154577397
0.008292273355333002
0.010143875263547208
0.012113195856533032
0.013941084576630125
0.015267597412932155
0.015756485298609846
0.015267597412926825
0.013941084576630125
0.012113195856532144
0.01014387526354632
0.008292273355336555
0.006688914154577397
0.007961515299840904
0.009917936658126791
0.00991793665812235
0.012136090158270552
0.012470810461370885
0.012136090158272328
0.01439888166341774
0.015311867800329892
0.015311867800330337
0.014398881663418628
0.016324204123023378
0.018063918261362666
0.018712452640297528
0.018063918261321366
0.01632420412302693
0.017451461193101814
0.020130057204715612
0.021732326873195262
0.02173232687319704
0.020130057204715612
0.017451461193102702
0.017451461193102258
0.020906115503890543
0.023553961638639542
0.024560171817030074
0.023553961638639542
0.020906115503890987
0.017451461193102258
0.016324204123023822
0.02013005720471117
0.023553961638636434
0.02563827197089452
0.02563827197089452
0.0235539616386351
0.02013005720471206
0.016324204123026487
0.01439888166341996
0.018063918261364886
0.021732326873194818
0.024560171817031407
0.025638271970896298
0.024560171817031407
0.02173232687319704
0.018063918261321366
0.014398881663419072
0.012136090158270996
0.015311867800329892
0.018712452640297972
0.021732326873196595
0.023553961638641763
0.023553961638644427
0.02173232687319615
0.01871245264029886
0.015311867800330337
0.01213609015826922
0.009917936658121018
0.012470810461372661
0.015311867800330337
0.018063918261320477
0.020130057204716945
0.020906115503888323
0.020130057204714724
0.018063918261320033
0.015311867800331225
0.012470810461369997
0.00991793665812013
0.00796151529984579
0.009917936658127235
0.012136090158271884
0.014398881663419516
0.016324204123025154
0.017451461193101814
0.017451461193101814
0.01632420412302249
0.014398881663419072
0.012136090158270996
0.009917936658127235
0.007961515299846234
0.006688914154577397
0.008292273355333002
0.010143875263547208
0.012113195856533032
0.013941084576630125
0.015267597412932155
0.015756485298609846
0.015267597412926825
0.013941084576630125
0.012113195856532144
0.01014387526354632
0.008292273355336555
0.006688914154577397
0.003931373949846773
0.006688914154577397
0.006688914154577397
0.008292273355335666
0.007961515299840904
0.008292273355335666
0.010143875263547208
0.009917936658126791
0.00991793665812235
0.010143875263547208
0.012113195856533032
0.012136090158270552
0.012470810461370885
0.012136090158272328
0.012113195856533032
0.013941084576630125
0.01439888166341774
0.015311867800329892
0.015311867800330337
0.014398881663418628
0.013941084576630125
0.015267597412932155
0.016324204123023378
0.018063918261362666
0.018712452640297528
0.018063918261321366
0.01632420412302693
0.015267597412932155
0.0157564852986134
0.017451461193101814
0.020130057204715612
0.021732326873195262
0.02173232687319704
0.020130057204715612
0.017451461193102702
0.0157564852986134
0.015267597412927714
0.017451461193102258
0.020906115503890543
0.023553961638639542
0.024560171817030074
0.023553961638639542
0.020906115503890987
0.017451461193102258
0.015267597412927714
0.013941084576629237
0.016324204123023822
0.02013005720471117
0.023553961638636434
0.02563827197089452
0.02563827197089452
0.0235539616386351
0.02013005720471206
0.016324204123026487
0.013941084576629237
0.01211319585652948
0.01439888166341996
0.018063918261364886
0.021732326873194818
0.024560171817031407
0.025638271970896298
0.024560171817031407
0.02173232687319704
0.018063918261321366
0.014398881663419072
0.01211319585652948
0.01014387526354632
0.012136090158270996
0.015311867800329892
0.018712452640297972
0.021732326873196595
0.023553961638641763
0.023553961638644427
0.02173232687319615
0.01871245264029886
0.015311867800330337
0.01213609015826922
0.01014387526354632
0.008292273355336555
0.009917936658121018
0.012470810461372661
0.015311867800330337
0.018063918261320477
0.020130057204716945
0.020906115503888323
0.020130057204714724
0.018063918261320033
0.015311867800331225
0.012470810461369997
0.00991793665812013
0.008292273355336555
0.006688914154577397
0.00796151529984579
0.009917936658127235
0.012136090158271884
0.014398881663419516
0.016324204123025154
0.017451461193101814
0.017451461193101814
0.01632420412302249
0.014398881663419072
0.012136090158270996
0.009917936658127235
0.007961515299846234
0.006688914154577397
0.006688914154577397
0.007961515299840904
0.008292273355335666
0.009917936658126791
0.00991793665812235
0.010143875263547208
0.012136090158270552
0.012470810461370885
0.012136090158272328
0.012113195856533032
0.01439888166341774
0.015311867800329892
0.015311867800330337
0.014398881663418628
0.013941084576630125
0.016324204123023378
0.018063918261362666
0.018712452640297528
0.018063918261321366
0.01632420412302693
0.015267597412932155
0.017451461193101814
0.020130057204715612
0.021732326873195262
0.02173232687319704
0.020130057204715612
0.017451461193102702
0.0157564852986134
0.017451461193102258
0.020906115503890543
0.023553961638639542
0.024560171817030074
0.023553961638639542
0.020906115503890987
0.017451461193102258
0.015267597412927714
0.016324204123023822
0.02013005720471117
0.023553961638636434
0.02563827197089452
0.02563827197089452
0.0235539616386351
0.02013005720471206
0.016324204123026487
0.013941084576629237
0.01439888166341996
0.018063918261364886
0.021732326873194818
0.024560171817031407
0.025638271970896298
0.024560171817031407
0.02173232687319704
0.018063918261321366
0.014398881663419072
0.01211319585652948
0.012136090158270996
0.015311867800329892
0.018712452640297972
0.021732326873196595
0.023553961638641763
0.023553961638644427
0.02173232687319615
0.01871245264029886
0.015311867800330337
0.01213609015826922
0.01014387526354632
0.009917936658121018
0.012470810461372661
0.015311867800330337
0.018063918261320477
0.020130057204716945
0.020906115503888323
0.020130057204714724
0.018063918261320033
0.015311867800331225
0.012470810461369997
0.00991793665812013
0.008292273355336555
0.00796151529984579
0.009917936658127235
0.012136090158271884
0.014398881663419516
0.016324204123025154
0.017451461193101814
0.017451461193101814
0.01632420412302249
0.014398881663419072
0.012136090158270996
0.009917936658127235
0.007961515299846234
0.006688914154577397
0.006688914154577397
0.008292273355335666
0.007961515299840904
0.010143875263547208
0.009917936658126791
0.00991793665812235
0.012113195856533032
0.012136090158270552
0.012470810461370885
0.012136090158272328
0.013941084576630125
0.01439888166341774
0.015311867800329892
0.015311867800330337
0.014398881663418628
0.015267597412932155
0.016324204123023378
0.018063918261362666
0.018712452640297528
0.018063918261321366
0.01632420412302693
0.0157564852986134
0.017451461193101814
0.020130057204715612
0.021732326873195262
0.02173232687319704
0.020130057204715612
0.017451461193102702
0.015267597412927714
0.017451461193102258
0.020906115503890543
0.023553961638639542
0.024560171817030074
0.023553961638639542
0.020906115503890987
0.017451461193102258
0.013941084576629237
0.016324204123023822
0.02013005720471117
0.023553961638636434
0.02563827197089452
0.02563827197089452
0.0235539616386351
0.02013005720471206
0.016324204123026487
0.01211319585652948
0.01439888166341996
0.018063918261364886
0.021732326873194818
0.024560171817031407
0.025638271970896298
0.024560171817031407
0.02173232687319704
0.018063918261321366
0.014398881663419072
0.01014387526354632
0.012136090158270996
0.015311867800329892
0.018712452640297972
0.021732326873196595
0.023553961638641763
0.023553961638644427
0.02173232687319615
0.01871245264029886
0.015311867800330337
0.01213609015826922
0.008292273355336555
0.009917936658121018
0.012470810461372661
0.015311867800330337
0.018063918261320477
0.020130057204716945
0.020906115503888323
0.020130057204714724
0.018063918261320033
0.015311867800331225
0.012470810461369997
0.00991793665812013
0.006688914154577397
0.00796151529984579
0.009917936658127235
0.012136090158271884
0.014398881663419516
0.016324204123025154
0.017451461193101814
0.017451461193101814
0.01632420412302249
0.014398881663419072
0.012136090158270996
0.009917936658127235
0.007961515299846234
0.007961515299840904
0.009917936658126791
0.00991793665812235
0.012136090158270552
0.012470810461370885
0.012136090158272328
0.01439888166341774
0.015311867800329892
0.015311867800330337
0.014398881663418628
0.016324204123023378
0.018063918261362666
0.018712452640297528
0.018063918261321366
0.01632420412302693
0.017451461193101814
0.020130057204715612
0.021732326873195262
0.02173232687319704
0.020130057204715612
0.017451461193102702
0.017451461193102258
0.020906115503890543
0.023553961638639542
0.024560171817030074
0.023553961638639542
0.020906115503890987
0.017451461193102258
0.016324204123023822
0.02013005720471117
0.023553961638636434
0.02563827197089452
0.02563827197089452
0.0235539616386351
0.02013005720471206
0.016324204123026487
0.01439888166341996
0.018063918261364886
0.021732326873194818
0.024560171817031407
0.025638271970896298
0.024560171817031407
0.02173232687319704
0.018063918261321366
0.014398881663419072
0.012136090158270996
0.015311867800329892
0.018712452640297972
0.021732326873196595
0.023553961638641763
0.023553961638644427
0.02173232687319615
0.01871245264029886
0.015311867800330337
0.01213609015826922
0.009917936658121018
0.012470810461372661
0.015311867800330337
0.018063918261320477
0.020130057204716945
0.020906115503888323
0.020130057204714724
0.018063918261320033
0.015311867800331225
0.012470810461369997
0.00991793665812013
0.00796151529984579
0.009917936658127235
0.012136090158271884
0.014398881663419516
0.016324204123025154
0.017451461193101814
0.017451461193101814
0.01632420412302249
0.014398881663419072
0.012136090158270996
0.009917936658127235
0.007961515299846234
