0.417373142140854
0.2215976888728059
0.2604356040273308
0.07187985885525262
0.10512400079775186
0.10562123664084151
0.010555605969707615
0.01710781374601369
0.03007075590070625
0.03341243770543122
0.0006872768438771029
0.0018758083534493014
0.004746987182746668
0.007831113876875205
0.00737319602807226
5.608877436133167e-5
4.325908623434866e-5
0.0002225753665581374
0.0005319883050216981
0.0009936564903041247
0.0008113686484945803
0.0
0.0
0.0
0.0
0.0
0.0
0.0
0.0
0.0
0.0
0.0
0.0
0.0
0.0
0.0
0.0
0.0
0.0
0.0
0.0
0.0
0.0
0.0
0.0
0.0
0.0
0.0
0.0
0.0
0.0
0.0
0.0
0.0
0.0
0.0
0.0
0.0
0.0
0.0
0.0
0.0
0.0
0.0
0.0
0.0
0.0
0.0
0.0
0.0
0.0
0.0
0.0
0.0
0.0
0.0
0.0
0.0
0.0
0.0
0.0
0.0
0.0
0.0
0.0
0.0
0.0
0.0
0.0
0.0
0.0
0.0
0.0
0.0
0.0
0.0
0.0
0.0
0.0
0.0
0.0
0.0
0.0
0.0
0.0
0.0
0.0
0.0
0.0
0.0
0.0
0.0
0.0
0.0
0.0
0.0
0.0
0.0
0.0
0.0
0.5419158387055236
0.2922741059537747
0.6048973168519991
0.105932153674133
0.3338207110013981
0.6224733161567576
0.025498361874844118
0.12809098166151162
0.34821385909004565
0.624246203154699
0.0035477970007084386
0.03217692971486469
0.13702038742606892
0.35376841501379785
0.6267660913990795
0.00017346298871494847
0.004179295964274972
0.03355562848825474
0.13880614343582776
0.35667070002431167
0.6312037821226778
0.0
0.00017970077476604866
0.003921898298203163
0.03203752842287788
0.13664266225182653
0.35650825270035696
0.6347535671835915
0.0
0.0
0.0001389451368983154
0.0033111752593851327
0.02968718760011395
0.13272110383187272
0.35429121921792317
0.6374186250332097
0.0
0.0
0.0
9.75855290438204e-5
0.0028842453599917783
0.027222612423126683
0.12742403495815097
0.3513227122207202
0.6384491457793597
0.0
0.0
0.0
0.0
7.933534660703039e-5
0.0024628383584564
0.024719872012389937
0.12394762882886483
0.349009709180886
0.6336780700498711
0.0
0.0
0.0
0.0
0.0
7.438632539459713e-5
0.0025627271763936734
0.027071549191580606
0.13113030621576902
0.35428448404368695
0.6253249643154771
0.0
0.0
0.0
0.0
0.0
0.0
0.0001251828486372649
0.0036268818143090045
0.03315076107490725
0.14332878398043045
0.3609132846093069
0.6113824249301
0.0
0.0
0.0
0.0
0.0
0.0
0.0
0.00017769619704607046
0.004661406292904747
0.03817552879114523
0.14859975008699783
0.34953502374878653
0.5649442373434327
0.0
0.0
0.0
0.0
0.0
0.0
0.0
0.0
0.00011511389554555969
0.003886724888380203
0.028912771502215228
0.10827735168692591
0.25633610229558673
0.4195576158266031
0.559788274747904
0.6313921943129764
0.3606757621079566
0.6423960231500797
0.38988378409475566
0.16900384144481082
0.6425037220714047
0.3919614861667614
0.17832060540063965
0.055616474034206546
0.6417498907320872
0.38838042559813074
0.17711936971378997
0.05669743186173266
0.01117610922324112
0.6422199999324785
0.3796054603244132
0.16878775629281406
0.053166171433463055
0.010506880412636468
0.0009688488751176625
0.6418587308806957
0.3712577610792572
0.15249498074477644
0.04455498605582815
0.008338709863793071
0.0007431649567203159
0.0
0.6444431505685312
0.36956161174971247
0.1432895368385852
0.034853591363505104
0.0050399816746584105
0.0003652553478084636
0.0
0.0
0.6470398256002883
0.3715985594823774
0.1403366335631806
0.03272524857772513
0.004146775530606492
9.221893849984266e-5
0.0
0.0
0.0
0.6477432311695945
0.37556839672304587
0.14220907472015867
0.03173014467607608
0.004087204183968339
0.0002387733863385424
0.0
0.0
0.0
0.0
0.6441343451733507
0.3764273683943476
0.14706794481548097
0.033230198197774403
0.003814739852034318
0.00021296135292523007
0.0
0.0
0.0
0.0
0.0
0.6162243053230351
0.3660630256494151
0.1467931597588411
0.03559263909590462
0.004223862421326843
0.00017565299916644006
0.0
0.0
0.0
0.0
0.0
0.0
0.5474103078874734
0.32421298373261886
0.1296252501288225
0.033157935014396116
0.00457797626517267
0.00022965634530055566
0.0
0.0
0.0
0.0
0.0
0.0
0.0
0.40412241085975376
0.22425467779771338
0.08293472887049094
0.020091851376859208
0.00314306564097711
0.00021451003072240837
0.0
0.0
0.0
0.0
0.0
0.0
0.0
0.0
0.736927949753718
0.8251427367038642
0.8199544622281918
0.8451590824203871
0.9108263202184358
0.8341494293652375
0.8496053398968335
0.9393646892264685
0.929382073348014
0.8344666430181275
0.8540420079659841
0.9463188815598689
0.9616580701062929
0.9334437679297177
0.8395236384182646
0.854157403018647
0.9466259749524311
0.9678862305272686
0.9652580878001226
0.9374854752498166
0.8452544587980495
0.8564823118507713
0.9485708830224562
0.9686534197421581
0.9705967897806682
0.9665527636321062
0.9403605725451097
0.8499725338217422
0.8577698997052366
0.9503767069685143
0.969176520845065
0.9708562558083332
0.9707596715642286
0.967112608870933
0.942876318222141
0.8546324369813398
0.856023943133201
0.9503625142646918
0.9693831738041522
0.9708585044807703
0.9707959363974303
0.9704205061495603
0.967188820199162
0.9449792420115878
0.854939619259982
0.8515144921177737
0.9484739319760965
0.968752612326065
0.9703000152191034
0.9691532181019124
0.9666120889366492
0.9639103087306332
0.9601095603692247
0.9381020913390201
0.8435103351471396
0.8277258461578761
0.9328270095337902
0.9574912762145052
0.9615221817669052
0.9565453841424856
0.9439415821567284
0.9309655270510288
0.9236102200487829
0.919585803195826
0.8991945861075956
0.8089255765378576
0.7385610084716439
0.8512826593335623
0.8904215085264571
0.9013516698002783
0.8917989441626285
0.8606318514497873
0.8329598055653752
0.8167814664838062
0.8109362710517789
0.8107359229380123
0.7973457801529809
0.7220372450123996
0.5565153469741979
0.6485150001320712
0.6855995671651999
0.7122343761867861
0.70731861621687
0.6692583854707607
0.6444529293258537
0.6308579984716369
0.625603166294855
0.6250075606111377
0.6256397574147505
0.6111224605746236
0.5511425566817431
0.0
0.0
0.0
0.0
0.0
0.0
0.0
0.0
0.0
0.0
0.0
0.0
0.0
0.0
0.0
0.0
0.0
0.0
0.0
0.0
0.0
0.0
0.0
0.0
0.0
0.0
0.0
0.0
0.0
0.0
0.0
0.0
0.0
0.0
0.0
0.0
0.0
0.0
0.0
0.0
0.0
0.0
0.0
0.0
0.0
0.0
0.0
0.0
0.0
0.0
0.0
0.0
0.0
0.0
0.0
0.0
0.0
0.0
0.0
0.0
0.0
0.0
0.0
0.0
0.0
0.0
0.0
0.0
0.0
0.0
0.0
0.0
0.0
0.0
0.0
0.0
0.0
0.0
0.0
0.0
0.0
0.0
0.0
0.0
0.0
0.0
0.0
0.0
0.0
0.0
0.0
0.0
0.0
0.0
0.0
0.0
0.0
0.0
0.0
0.0
0.0
0.0
0.0
0.0
0.0
0.0
0.0
0.0
0.0
0.0
0.0
0.0
0.0
0.0
0.0
0.0
0.0
0.0
0.0
0.0
0.0
0.0
0.0
0.0
0.0
0.0
0.0
0.0
0.0
0.0
0.0
0.0
0.0
0.0
0.0
0.0
0.0
0.0
0.0
0.0
0.0
0.0
0.0
0.0
0.0
0.0
0.0
0.0
0.0
0.00015764391853825504
0.0
0.0
0.0
0.0
0.0
0.0
0.0
1.0260279561990809e-6
8.121988322523173e-5
0.0017727222776260422
0.0
0.0
0.0
0.0
0.0
0.0
0.0
0.0
4.3855941731611386e-5
0.0011736337195716086
0.011383507251441492
0.0
0.0
0.0
0.0
0.0
0.0
0.0
0.0
0.0002114370241224597
0.0023695019299631503
0.013933791755730647
0.06414876438024618
0.0
0.0
0.0
0.0
0.0
0.0
0.0
0.0
0.00028870441898300956
0.004126726008183768
0.026512308668328727
0.09397897871678396
0.21768687615239127
0.0
0.0
0.0
0.0
0.0
0.0
0.0
0.0
0.0
0.0
0.0
0.0
0.0
0.0
0.0
0.0
0.0
0.0
0.0
0.0
0.0
0.0
0.0
0.0
0.0
0.0
0.0
0.0
0.0
0.0
0.0
0.0
0.0
0.0
0.0
0.0
0.0001160768204853352
8.421513249369854e-7
0.0
0.0
0.0
0.0
0.0
0.0
0.0
0.0027482055016141544
3.510068286999637e-5
4.10998176241052e-6
0.0
0.0
0.0
0.0
0.0
0.0
0.0
0.02163437792754565
0.0032090344219286946
7.993929059492174e-5
3.701573718092511e-6
0.0
0.0
0.0
0.0
0.0
0.0
0.0
0.08918321588385289
0.03101227671851705
0.0020889726400984366
5.7974782682025776e-5
6.735143884213375e-7
0.0
0.0
0.0
0.0
0.0
0.0
0.0
0.23440898373635102
0.11099331599664375
0.02423522217693559
0.0005860722991100907
5.715438103192741e-5
0.0
0.0
0.0
0.0
0.0
0.0
0.0
0.0
0.0
0.0
0.0
0.0
0.0
0.0
0.0
0.0
0.0
0.0
0.0
0.0
0.0
0.0
0.0
0.0
0.0
0.0
0.0
0.0
0.0
0.0
0.0
0.0
0.0
0.0
0.0
0.0
0.00012070173996753859
3.8622847930118376e-5
3.211168789003619e-5
8.057288747460647e-5
0.0002866808480629208
0.0005623525640889954
0.0006576369060322064
0.00045680821242362346
0.00322097644140334
0.0019424033392997217
0.0011816286938357433
0.0018881350154208254
0.003925249616822224
0.006822580910557546
0.008738740728144569
0.00833376686291682
0.005687261308529481
0.02687767884188786
0.02305046220303215
0.016274678371063105
0.0175566145496282
0.02627358240680618
0.03851487345141544
0.04841808757684509
0.05107533274028963
0.046033461913664
0.03388189842757157
0.11372114743879459
0.11594037878717946
0.1020506231490417
0.0955325265149534
0.1127587012896238
0.137361292833305
0.15982210664113966
0.17102316308489518
0.16943444721466433
0.15593249487083408
0.12513612062070398
0.3182494421714606
0.3426045229995057
0.33705552011402656
0.329700219883302
0.33630649254564066
0.35528170099292844
0.37137974368770255
0.3820680535040523
0.38446573389151145
0.3784796677082699
0.3625680212930314
0.321358625771897
