0.0049584139045757425
0.005975171128585366
0.0059621194446997094
0.0059921727851381945
0.005997635096841147
0.005978956906500965
0.006013188121544388
0.006034477580861619
0.006034287632476598
0.005999719468935627
0.006037458687453423
0.006074771676897406
0.006100302790098766
0.006074261660474978
0.006023652128830381
0.006063911023538537
0.006117477994570741
0.006168635088308783
0.006168312833706224
0.00611651396003543
0.006049686468879489
0.006091123467618864
0.006161185633179578
0.006237738147136351
0.0062630658599927
0.006236956605734978
0.006159629071719408
0.006076407829766151
0.006117285796330307
0.006204067027792082
0.006305588761005065
0.006356327022651875
0.006355864736683703
0.006304205690380371
0.006201774499492441
0.006102015372930758
0.006140160774637415
0.006243830852131982
0.006369629197986448
0.006445299241482072
0.006470232663897235
0.006444228914501693
0.006367497123166199
0.006240654104245458
0.0061242840316833025
0.006157055797266331
0.0062776836849973705
0.00642671867688227
0.006526522787653644
0.006576314290772434
0.006575702885703194
0.006524693350963062
0.006423685496032672
0.0062734704259863605
0.006140536467546642
0.006164815949422753
0.006302312626461859
0.00647310989691352
0.006595844239263737
0.006669582849507361
0.006693764716942496
0.006668205755528955
0.006593100496249171
0.0064690202998716195
0.006296908132504608
0.006147636222170405
0.006159853083425482
0.006313904743684429
0.006504470022882902
0.00664843672530413
0.006744747902096115
0.006792695540257743
0.006791926871581921
0.006742447532596341
0.006644621515501825
0.00649916790589522
0.0063071544794963685
0.006142016535453987
0.006138227786838257
0.00630822227847716
0.006515969079420536
0.006678898487277873
0.006795860697621947
0.006866028982551953
0.006888906821841623
0.0068643322262516016
0.006792479152244013
0.006673855982906485
0.00650930110489778
0.006299975675480685
0.006119761534178814
0.006095800698268761
0.006280752969384906
0.0065024591468243464
0.006681457320625306
0.0068165397659800675
0.006906793354924723
0.006951607152692496
0.00695067754668921
0.006904010812633032
0.0068119230594225755
0.0066750375628670255
0.006494279531298552
0.006270868414760322
0.006076756149616003
0.0049584139045757425
0.006055923028509991
0.006183690883801329
0.006292749314276591
0.006382069887883368
0.006450609196509749
0.006497296672748565
0.006521017662646678
0.006520596164915293
0.006494781200906186
0.006442242327874936
0.006361581491586055
0.00625136953948946
0.006110215646416339
0.004958413904576631
0.0059621194446997094
0.005997635096841147
0.005978956906500965
0.006034477580861619
0.006034287632476598
0.005999719468935627
0.006074771676897406
0.006100302790098766
0.006074261660474978
0.006023652128829937
0.006117477994570741
0.006168635088308783
0.006168312833706224
0.00611651396003543
0.0060496864688799334
0.006161185633179578
0.006237738147136351
0.0062630658599927
0.006236956605734978
0.006159629071719408
0.006076407829766595
0.006204067027792082
0.006305588761005065
0.006356327022651875
0.006355864736683703
0.006304205690380371
0.006201774499492441
0.006102015372930758
0.006243830852131982
0.006369629197986448
0.006445299241482072
0.006470232663897235
0.006444228914501693
0.006367497123166199
0.006240654104245458
0.0061242840316833025
0.0062776836849973705
0.00642671867688227
0.006526522787653644
0.006576314290772434
0.006575702885703194
0.006524693350963062
0.006423685496032672
0.0062734704259863605
0.006140536467546642
0.006302312626461859
0.00647310989691352
0.006595844239263737
0.006669582849507361
0.006693764716942496
0.006668205755528955
0.006593100496249171
0.0064690202998716195
0.006296908132504608
0.006147636222170405
0.006313904743684429
0.006504470022882902
0.00664843672530413
0.006744747902096115
0.006792695540257743
0.006791926871581921
0.006742447532596341
0.006644621515501825
0.00649916790589522
0.0063071544794963685
0.006142016535453987
0.00630822227847716
0.006515969079420536
0.006678898487277873
0.006795860697621947
0.006866028982551953
0.006888906821841623
0.0068643322262516016
0.006792479152244013
0.006673855982906485
0.00650930110489778
0.006299975675480685
0.006119761534178814
0.006280752969384906
0.0065024591468243464
0.006681457320625306
0.0068165397659800675
0.006906793354924723
0.006951607152692496
0.00695067754668921
0.006904010812633032
0.0068119230594225755
0.0066750375628670255
0.006494279531298552
0.006270868414760322
0.006076756149616003
0.006055923028509991
0.006183690883801329
0.006292749314276591
0.006382069887882924
0.006450609196510193
0.006497296672749009
0.006521017662646678
0.006520596164915293
0.006494781200906186
0.006442242327874936
0.006361581491586055
0.00625136953948946
0.006110215646416339
0.004958413904576631
0.005955521772561756
0.005955521772561756
0.005972583928079089
0.005984689078597505
0.005972583928079533
0.005993694864875998
0.006021999120574328
0.0060219991205698875
0.00599369486487733
0.006018106314797045
0.006062896461473066
0.006088814464043857
0.006062896461473066
0.006018106314797045
0.006044758209661882
0.006106357150282626
0.006158116348206288
0.006158116348206288
0.006106357150282626
0.006044758209664991
0.006072245325767778
0.006150987464673907
0.0062283808466041535
0.006254251389282928
0.006228380846605486
0.006150987464669022
0.006072245325765557
0.006098776549505747
0.006194977540329383
0.006297607377384384
0.00634913562936168
0.00634913562936168
0.006297607377385717
0.006194977540327606
0.006098776549506635
0.006122135691662756
0.006236052434573036
0.00636325877392796
0.006439997089080052
0.006465645811751131
0.006439997089079608
0.006363258773928404
0.006236052434573036
0.006122135691660979
0.00613965188754273
0.006271431220663981
0.00642220960479456
0.006523394789373249
0.006574188015767035
0.006574188015766591
0.006523394789376358
0.00642220960479456
0.006271431220664425
0.006139651887544062
0.006148190751744664
0.006297806189604405
0.006470718526779162
0.006595182780158915
0.006670245278231235
0.006695330279806733
0.006670245278231235
0.006595182780158915
0.006470718526779606
0.006297806189602628
0.0061481907517455525
0.006144180803858923
0.006311358135203449
0.006504444150529309
0.006650524344174791
0.006748517114703034
0.006797695951247906
0.006797695951247906
0.0067485171147043665
0.006650524344174791
0.0065044441505301975
0.006311358135203893
0.006144180803859367
0.0061236920617031565
0.006307826951294615
0.006518527800169149
0.006683983895328538
0.006803017193478311
0.006874778819482064
0.006898756453513677
0.006874778819482064
0.006803017193479199
0.00668398389532765
0.006518527800168705
0.006307826951296391
0.006123692061701824
0.006082583532379893
0.006282657587048046
0.0065077674341829095
0.006689725196928897
0.0068272917024563284
0.006919528324508928
0.0069658048609184675
0.0069658048609184675
0.006919528324509372
0.00682729170245544
0.006689725196928897
0.006507767434182021
0.0062826575870449375
0.006082583532379893
0.004958413904579295
0.006164768669110643
0.006407216335404975
0.006607839065090104
0.0067652935474162845
0.006878523297012329
0.006946767334336634
0.006969566507960323
0.006946767334336634
0.006878523297012329
0.00676529354741362
0.006607839065083887
0.0064072163354076395
0.006164768669105314
0.0049584139045757425
0.005971520691425258
0.0060081227311372665
0.006008122731131049
0.006048137945149357
0.0060737579530312225
0.006048137945152465
0.006090541560067386
0.006141692734821014
0.0061416927348250105
0.006090541560061613
0.006133942088967892
0.00621040323697386
0.006235961503406884
0.006210403236967643
0.006133942088971445
0.006176536695384538
0.006277894874764378
0.006328782710133485
0.006328782710135261
0.006277894874762602
0.006176536695378765
0.006216064449690251
0.006341645043101529
0.0064173987928479725
0.00644271780157224
0.006417398792848417
0.006341645043093536
0.006216064449686698
0.006249767980378795
0.006398554556996672
0.006498396848422239
0.00654851409899182
0.006548514099091296
0.006498396848422683
0.00639855455698779
0.006249767980378351
0.006274375428837242
0.006444923344926412
0.006567676621468621
0.006641703633972984
0.006666441984857663
0.0066417036339752045
0.00656767662146196
0.006444923344929521
0.006274375428844792
0.0062861182838935825
0.006476469422958431
0.006620468386455247
0.006717059241955425
0.0067655327701983126
0.0067655327701978685
0.006717059241953205
0.006620468386463241
0.006476469422959763
0.00628611828399972
0.006280803720732919
0.006488413733385823
0.006651427343420835
0.006768695206183839
0.006839389199201573
0.006863009555193589
0.006839389199199797
0.006768695206184283
0.006651427343428384
0.006488413733487075
0.006280803720728478
0.006253960620568932
0.0064756540604364865
0.006654831854405074
0.006790285798294882
0.0068811008181151045
0.006926662565336361
0.006926662565338582
0.0068811008181146605
0.006790285798301543
0.006654831854405074
0.006475654060435154
0.006253960620571597
0.006049182652589025
0.006177171122137004
0.006286624045080735
0.006376512649527655
0.006445791691834568
0.006493386661388101
0.006518176061561132
0.006518973173039733
0.00649451131319756
0.00644343819227533
0.006364326746925553
0.006255711076396775
0.006116156086711566
0.0049584139045757425
0.005955521772561756
0.005955521772561756
0.005972583928079089
0.005984689078597505
0.005972583928079533
0.00599369486487733
0.006021999120574328
0.0060219991205698875
0.005993694864875998
0.006018106314797045
0.006062896461473066
0.006088814464043857
0.006062896461473066
0.006018106314797045
0.006044758209663659
0.006106357150282626
0.006158116348206288
0.006158116348206288
0.006106357150282626
0.006044758209663215
0.006072245325767778
0.006150987464673907
0.0062283808466041535
0.006254251389282928
0.006228380846605486
0.006150987464669022
0.006072245325765557
0.006098776549506635
0.006194977540329383
0.006297607377384384
0.00634913562936168
0.00634913562936168
0.006297607377385717
0.006194977540327606
0.006098776549505747
0.006122135691660979
0.006236052434573036
0.00636325877392796
0.006439997089080052
0.006465645811751131
0.006439997089079608
0.006363258773928404
0.006236052434573036
0.006122135691662756
0.006139651887544062
0.006271431220663981
0.00642220960479456
0.006523394789373249
0.006574188015767035
0.006574188015766591
0.006523394789376358
0.00642220960479456
0.006271431220664425
0.00613965188754273
0.006148190751744664
0.006297806189604405
0.006470718526779162
0.006595182780158915
0.006670245278231235
0.006695330279806733
0.006670245278231235
0.006595182780158915
0.006470718526779606
0.006297806189602628
0.0061481907517455525
0.006144180803860255
0.006311358135203449
0.006504444150529309
0.006650524344174791
0.006748517114703034
0.006797695951247906
0.006797695951247906
0.0067485171147043665
0.006650524344174791
0.0065044441505301975
0.006311358135203893
0.006144180803858035
0.0061236920617031565
0.006307826951294615
0.006518527800169149
0.006683983895328538
0.006803017193478311
0.006874778819482064
0.006898756453513677
0.006874778819482064
0.006803017193479199
0.00668398389532765
0.006518527800168705
0.006307826951296391
0.006123692061701824
0.006082583532379893
0.006282657587048046
0.0065077674341829095
0.006689725196928897
0.0068272917024563284
0.006919528324508928
0.0069658048609184675
0.0069658048609184675
0.006919528324509372
0.00682729170245544
0.006689725196928897
0.006507767434182021
0.0062826575870449375
0.006082583532379893
0.0059621194446997094
0.005978956906500965
0.005971520691424814
0.005999719468935627
0.006008122731136822
0.006008122731131937
0.006023652128830381
0.006048137945151577
0.0060737579530312225
0.0060481379451484685
0.006049686468879489
0.006090541560061613
0.0061416927348250105
0.006141692734821014
0.006090541560066054
0.006076407829766151
0.0061339420889705565
0.0062104032369689754
0.0062359615034055516
0.0062104032369694195
0.006133942088971445
0.006102015372930758
0.006176536695383206
0.006277894874759493
0.006328782710134817
0.0063287827101321525
0.00627789487476349
0.0061765366953823175
0.0061242840316833025
0.006216064449687586
0.006341645043093536
0.0064173987928475285
0.006442717801573128
0.0064173987928479725
0.006341645043101529
0.006216064449688918
0.006140536467546642
0.006249767980378351
0.00639855455698779
0.006498396848422683
0.006548514099091296
0.006548514098992264
0.006498396848422239
0.006398554556998004
0.0062497679803743544
0.006147636222170405
0.006274375428842127
0.006444923344929521
0.006567676621461516
0.006641703633976093
0.006666441984860327
0.00664170363397476
0.006567676621463292
0.006444923344925968
0.006274375428836354
0.006142016535453987
0.006286118283999276
0.006476469422958875
0.006620468386462353
0.006717059241953649
0.006765532770292015
0.00676553277019476
0.0067170592419558695
0.006620468386454803
0.006476469422957987
0.006286118283895803
0.006119761534178814
0.0062808037207293665
0.006488413733487519
0.006651427343426164
0.00676869520618073
0.006839389199198909
0.006863009555193145
0.006839389199200685
0.006768695206182951
0.006651427343420391
0.006488413733385823
0.006280803720732919
0.006076756149616003
0.006253960620568932
0.006475654060433378
0.006654831854399745
0.006790285798301543
0.006881100818115549
0.006926662565339026
0.006926662565336805
0.0068811008181195454
0.0067902857982939935
0.006654831854402854
0.0064756540604364865
0.006253960620568932
0.004958413904576631
0.006116156086710234
0.006255711076395887
0.0063643267469246645
0.006443438192277995
0.006494511313192675
0.006518973173039733
0.006518176061561132
0.006493386661387213
0.006445791691832792
0.006376512649525878
0.006286624045079403
0.006177171122135672
0.006049182652589025
0.0059621194446997094
0.005971520691425258
0.005978956906500965
0.0060081227311372665
0.006008122731131049
0.005999719468935627
0.006048137945149357
0.0060737579530312225
0.006048137945152465
0.006023652128829937
0.006090541560067386
0.006141692734821014
0.0061416927348250105
0.006090541560061613
0.0060496864688799334
0.006133942088967892
0.00621040323697386
0.006235961503406884
0.006210403236967643
0.006133942088971445
0.006076407829766595
0.006176536695384538
0.006277894874764378
0.006328782710133485
0.006328782710135261
0.006277894874762602
0.006176536695378765
0.006102015372930758
0.006216064449690251
0.006341645043101529
0.0064173987928479725
0.00644271780157224
0.006417398792848417
0.006341645043093536
0.006216064449686698
0.0061242840316833025
0.006249767980378795
0.006398554556996672
0.006498396848422239
0.00654851409899182
0.006548514099091296
0.006498396848422683
0.00639855455698779
0.006249767980378351
0.006140536467546642
0.006274375428837242
0.006444923344926412
0.006567676621468621
0.006641703633972984
0.006666441984857663
0.0066417036339752045
0.00656767662146196
0.006444923344929521
0.006274375428844792
0.006147636222170405
0.0062861182838935825
0.006476469422958431
0.006620468386455247
0.006717059241955425
0.0067655327701983126
0.0067655327701978685
0.006717059241953205
0.006620468386463241
0.006476469422959763
0.00628611828399972
0.006142016535453987
0.006280803720732919
0.006488413733385823
0.006651427343420835
0.006768695206183839
0.006839389199201573
0.006863009555193589
0.006839389199199797
0.006768695206184283
0.006651427343428384
0.006488413733487075
0.006280803720728478
0.006119761534178814
0.006253960620568932
0.0064756540604364865
0.006654831854405074
0.006790285798294882
0.0068811008181151045
0.006926662565336361
0.006926662565338582
0.0068811008181146605
0.006790285798301543
0.006654831854405074
0.006475654060435154
0.006253960620571597
0.006076756149616003
0.006049182652589025
0.006177171122137004
0.006286624045080735
0.006376512649527655
0.006445791691834568
0.006493386661388101
0.006518176061561132
0.006518973173039733
0.00649451131319756
0.00644343819227533
0.006364326746925553
0.006255711076396775
0.006116156086711566
0.004958413904576631
0.005975171128585366
0.0059921727851381945
0.005997635096841147
0.006013188121544388
0.006034477580861619
0.006034287632476598
0.006037458687453423
0.006074771676897406
0.006100302790098766
0.006074261660474978
0.006063911023538537
0.006117477994570741
0.006168635088308783
0.006168312833706224
0.00611651396003543
0.006091123467618864
0.006161185633179578
0.006237738147136351
0.0062630658599927
0.006236956605734978
0.006159629071719408
0.006117285796330307
0.006204067027792082
0.006305588761005065
0.006356327022651875
0.006355864736683703
0.006304205690380371
0.006201774499492441
0.006140160774637415
0.006243830852131982
0.006369629197986448
0.006445299241482072
0.006470232663897235
0.006444228914501693
0.006367497123166199
0.006240654104245458
0.006157055797266331
0.0062776836849973705
0.00642671867688227
0.006526522787653644
0.006576314290772434
0.006575702885703194
0.006524693350963062
0.006423685496032672
0.0062734704259863605
0.006164815949422753
0.006302312626461859
0.00647310989691352
0.006595844239263737
0.006669582849507361
0.006693764716942496
0.006668205755528955
0.006593100496249171
0.0064690202998716195
0.006296908132504608
0.006159853083425482
0.006313904743684429
0.006504470022882902
0.00664843672530413
0.006744747902096115
0.006792695540257743
0.006791926871581921
0.006742447532596341
0.006644621515501825
0.00649916790589522
0.0063071544794963685
0.006138227786838257
0.00630822227847716
0.006515969079420536
0.006678898487277873
0.006795860697621947
0.006866028982551953
0.006888906821841623
0.0068643322262516016
0.006792479152244013
0.006673855982906485
0.00650930110489778
0.006299975675480685
0.006095800698268761
0.006280752969384906
0.0065024591468243464
0.006681457320625306
0.0068165397659800675
0.006906793354924723
0.006951607152692496
0.00695067754668921
0.006904010812633032
0.0068119230594225755
0.0066750375628670255
0.006494279531298552
0.006270868414760322
0.0049584139045757425
0.006055923028509991
0.006183690883801329
0.006292749314276591
0.006382069887882924
0.006450609196510193
0.006497296672749009
0.006521017662646678
0.006520596164915293
0.006494781200906186
0.006442242327874936
0.006361581491586055
0.00625136953948946
0.006110215646416339
0.005997635096841147
0.006034477580861619
0.006034287632476598
0.006074771676897406
0.006100302790098766
0.006074261660474978
0.006117477994570741
0.006168635088308783
0.006168312833706224
0.00611651396003543
0.006161185633179578
0.006237738147136351
0.0062630658599927
0.006236956605734978
0.006159629071719408
0.006204067027792082
0.006305588761005065
0.006356327022651875
0.006355864736683703
0.006304205690380371
0.006201774499492441
0.006243830852131982
0.006369629197986448
0.006445299241482072
0.006470232663897235
0.006444228914501693
0.006367497123166199
0.006240654104245458
0.0062776836849973705
0.00642671867688227
0.006526522787653644
0.006576314290772434
0.006575702885703194
0.006524693350963062
0.006423685496032672
0.0062734704259863605
0.006302312626461859
0.00647310989691352
0.006595844239263737
0.006669582849507361
0.006693764716942496
0.006668205755528955
0.006593100496249171
0.0064690202998716195
0.006296908132504608
0.006313904743684429
0.006504470022882902
0.00664843672530413
0.006744747902096115
0.006792695540257743
0.006791926871581921
0.006742447532596341
0.006644621515501825
0.00649916790589522
0.0063071544794963685
0.00630822227847716
0.006515969079420536
0.006678898487277873
0.006795860697621947
0.006866028982551953
0.006888906821841623
0.0068643322262516016
0.006792479152244013
0.006673855982906485
0.00650930110489778
0.006299975675480685
0.006280752969384906
0.0065024591468243464
0.006681457320625306
0.0068165397659800675
0.006906793354924723
0.006951607152692496
0.00695067754668921
0.006904010812633032
0.0068119230594225755
0.0066750375628670255
0.006494279531298552
0.006270868414760322
0.006055923028509991
0.006183690883801329
0.006292749314276591
0.006382069887882924
0.006450609196510193
0.006497296672749009
0.006521017662646678
0.006520596164915293
0.006494781200906186
0.006442242327874936
0.006361581491586055
0.00625136953948946
0.006110215646416339
0.006055780324729643
0.00606996989884756
0.006183544100450078
0.005997635096841147
0.006199694560272473
0.006292648649138144
0.006034287632478819
0.006034477580860287
0.006310513593316802
0.006382058463559659
0.006074261660474534
0.00610030279009921
0.006074771676896518
0.00640137611743441
0.006450719951049955
0.006116513960033654
0.006168312833704448
0.006168635088306562
0.006117477994569853
0.006471217160275433
0.006497549165394023
0.006159629071718076
0.006236956605731869
0.0062630658599940325
0.006237738147133243
0.006161185633176469
0.006518945400976861
0.006521414884986587
0.006201774499493329
0.006304205690380371
0.006355864736683259
0.006356327022649211
0.006305588761004177
0.006204067027789861
0.006543426152145315
0.0065211215130553946
0.006240654104246346
0.006367497123166199
0.006444228914501249
0.006470232663897679
0.0064452992414842925
0.006369629197988225
0.006243830852131538
0.006543464054489245
0.0064953958931979194
0.006273470425987249
0.006423685496034448
0.006524693350965727
0.006575702885704526
0.006576314290773322
0.006526522787654976
0.0064267186768831586
0.006277683684994706
0.006517789547139774
0.006442883662701071
0.006296908132504164
0.006469020299868511
0.006593100496246507
0.006668205755530288
0.006693764716943829
0.006669582849508693
0.006595844239265514
0.006473109896911744
0.006302312626461859
0.006465054748417298
0.006362162478522837
0.0063071544794963685
0.006499167905893
0.006644621515501825
0.0067424475325954525
0.006791926871584142
0.0067926955402568545
0.006744747901999748
0.00664843672530413
0.006504470022881126
0.006313904743685761
0.00638384607425424
0.006251780548872876
0.006299975675481129
0.006509301104897336
0.0066738559829051525
0.006792479152244457
0.006864332226250713
0.006888906821841179
0.006866028982556838
0.006795860697621947
0.006678898487277429
0.006515969079419204
0.006308222278478048
0.0062727220611233925
0.006110328703946344
0.006270868414759434
0.006494279531300329
0.006675037562869246
0.006811923059424796
0.006904010812635697
0.0069506775466914306
0.006951607152692052
0.0069067933549176175
0.006816539765980512
0.006681457320626194
0.0065024591468243464
0.006280752969384462
0.006130284683687037
0.004958413904579295
0.0061437882007471245
0.006383388554181746
0.006581727434654017
0.006737489768408711
0.006849640626562348
0.006917433646284277
0.006940417174703839
0.00691843800837777
0.006851642678684655
0.006740476222613534
0.006585678494477332
0.00638827807775133
0.006149583908539924
0.005955521772561756
0.005972583928079089
0.005971520691425258
0.00599369486487733
0.0060081227311372665
0.006008122731131049
0.006018106314797045
0.006048137945149357
0.0060737579530312225
0.006048137945152465
0.006044758209663659
0.006090541560067386
0.006141692734821014
0.0061416927348250105
0.006090541560061613
0.006072245325767778
0.006133942088967892
0.00621040323697386
0.006235961503406884
0.006210403236967643
0.006133942088971445
0.006098776549506635
0.006176536695384538
0.006277894874764378
0.006328782710133485
0.006328782710135261
0.006277894874762602
0.006176536695378765
0.006122135691660979
0.006216064449690251
0.006341645043101529
0.0064173987928479725
0.00644271780157224
0.006417398792848417
0.006341645043093536
0.006216064449686698
0.006139651887544062
0.006249767980378795
0.006398554556996672
0.006498396848422239
0.00654851409899182
0.006548514099091296
0.006498396848422683
0.00639855455698779
0.006249767980378351
0.006148190751744664
0.006274375428837242
0.006444923344926412
0.006567676621468621
0.006641703633972984
0.006666441984857663
0.0066417036339752045
0.00656767662146196
0.006444923344929521
0.006274375428844792
0.006144180803860255
0.0062861182838935825
0.006476469422958431
0.006620468386455247
0.006717059241955425
0.0067655327701983126
0.0067655327701978685
0.006717059241953205
0.006620468386463241
0.006476469422959763
0.00628611828399972
0.0061236920617031565
0.006280803720732919
0.006488413733385823
0.006651427343420835
0.006768695206183839
0.006839389199201573
0.006863009555193589
0.006839389199199797
0.006768695206184283
0.006651427343428384
0.006488413733487075
0.006280803720728478
0.006082583532379893
0.006253960620568932
0.0064756540604364865
0.006654831854405074
0.006790285798294882
0.0068811008181151045
0.006926662565336361
0.006926662565338582
0.0068811008181146605
0.006790285798301543
0.006654831854405074
0.006475654060435154
0.006253960620571597
0.005955521772561756
0.005984689078597505
0.005972583928079533
0.006021999120574328
0.0060219991205698875
0.00599369486487733
0.006062896461473066
0.006088814464043857
0.006062896461473066
0.006018106314797045
0.006106357150282626
0.006158116348206288
0.006158116348206288
0.006106357150282626
0.006044758209664991
0.006150987464673907
0.0062283808466041535
0.006254251389282928
0.006228380846605486
0.006150987464669022
0.006072245325765557
0.006194977540329383
0.006297607377384384
0.00634913562936168
0.00634913562936168
0.006297607377385717
0.006194977540327606
0.006098776549506635
0.006236052434573036
0.00636325877392796
0.006439997089080052
0.006465645811751131
0.006439997089079608
0.006363258773928404
0.006236052434573036
0.006122135691660979
0.006271431220663981
0.00642220960479456
0.006523394789373249
0.006574188015767035
0.006574188015766591
0.006523394789376358
0.00642220960479456
0.006271431220664425
0.006139651887544062
0.006297806189604405
0.006470718526779162
0.006595182780158915
0.006670245278231235
0.006695330279806733
0.006670245278231235
0.006595182780158915
0.006470718526779606
0.006297806189602628
0.0061481907517455525
0.006311358135203449
0.006504444150529309
0.006650524344174791
0.006748517114703034
0.006797695951247906
0.006797695951247906
0.0067485171147043665
0.006650524344174791
0.0065044441505301975
0.006311358135203893
0.006144180803859367
0.006307826951294615
0.006518527800169149
0.006683983895328538
0.006803017193478311
0.006874778819482064
0.006898756453513677
0.006874778819482064
0.006803017193479199
0.00668398389532765
0.006518527800168705
0.006307826951296391
0.006123692061701824
0.006282657587048046
0.0065077674341829095
0.006689725196928897
0.0068272917024563284
0.006919528324508928
0.0069658048609184675
0.0069658048609184675
0.006919528324509372
0.00682729170245544
0.006689725196928897
0.006507767434182021
0.0062826575870449375
0.006082583532379893
0.006164768669110643
0.006407216335404975
0.006607839065090104
0.0067652935474162845
0.006878523297012329
0.006946767334336634
0.006969566507960323
0.006946767334336634
0.006878523297012329
0.00676529354741362
0.006607839065083887
0.0064072163354076395
0.006164768669105314
0.0049584139045757425
0.005971520691425258
0.0060081227311372665
0.006008122731131049
0.006048137945149357
0.0060737579530312225
0.006048137945152465
0.006090541560067386
0.006141692734821014
0.0061416927348250105
0.006090541560061613
0.006133942088967892
0.00621040323697386
0.006235961503406884
0.006210403236967643
0.006133942088971445
0.006176536695384538
0.006277894874764378
0.006328782710133485
0.006328782710135261
0.006277894874762602
0.006176536695378765
0.006216064449690251
0.006341645043101529
0.0064173987928479725
0.00644271780157224
0.006417398792848417
0.006341645043093536
0.006216064449686698
0.006249767980378795
0.006398554556996672
0.006498396848422239
0.00654851409899182
0.006548514099091296
0.006498396848422683
0.00639855455698779
0.006249767980378351
0.006274375428837242
0.006444923344926412
0.006567676621468621
0.006641703633972984
0.006666441984857663
0.0066417036339752045
0.00656767662146196
0.006444923344929521
0.006274375428844792
0.0062861182838935825
0.006476469422958431
0.006620468386455247
0.006717059241955425
0.0067655327701983126
0.0067655327701978685
0.006717059241953205
0.006620468386463241
0.006476469422959763
0.00628611828399972
0.006280803720732919
0.006488413733385823
0.006651427343420835
0.006768695206183839
0.006839389199201573
0.006863009555193589
0.006839389199199797
0.006768695206184283
0.006651427343428384
0.006488413733487075
0.006280803720728478
0.006253960620568932
0.0064756540604364865
0.006654831854405074
0.006790285798294882
0.0068811008181151045
0.006926662565336361
0.006926662565338582
0.0068811008181146605
0.006790285798301543
0.006654831854405074
0.006475654060435154
0.006253960620571597
0.006049182652589025
0.006177171122137004
0.006286624045080735
0.006376512649527655
0.006445791691834568
0.006493386661388101
0.006518176061561132
0.006518973173039733
0.00649451131319756
0.00644343819227533
0.006364326746925553
0.006255711076396775
0.006116156086711566
0.006049182652589025
0.005984689078599725
0.006177171122135672
0.006021999120574328
0.006021999120571664
0.006286624045080735
0.0060628964614743985
0.0060888144640420805
0.0060628964614743985
0.006376512649527655
0.006106357150279962
0.006158116348209397
0.006158116348209397
0.006106357150279518
0.00644579169172399
0.006150987464671687
0.006228380846598824
0.006254251389287369
0.006228380846597936
0.0061509874645615525
0.006493386661387213
0.006194977540328495
0.006297607377386161
0.006349135629355018
0.006349135629355018
0.006297607377385717
0.006194977540327162
0.006518176061561132
0.00623605243457348
0.006363258773927072
0.006439997089079164
0.006465645811749354
0.0064399970890787195
0.006363258773927072
0.00623605243457348
0.006518973173039733
0.006271431220665313
0.006422209604792339
0.006523394789369252
0.006574188015767035
0.006574188015767035
0.006523394789376358
0.0064222096047932276
0.0062714312206662015
0.006494511313198004
0.006297806189606181
0.006470718526779606
0.006595182780157582
0.006670245278231235
0.006695330279807621
0.006670245278231235
0.006595182780161579
0.006470718526779606
0.006297806189604849
0.006443438192277551
0.006311358135204781
0.006504444150528421
0.006650524344174791
0.00674851711470259
0.006797695951247906
0.006797695951252347
0.00674851711470259
0.006650524344172126
0.0065044441505301975
0.006311358135204337
0.006364326746925553
0.0063078269513021645
0.0065185278001700375
0.006683983895328538
0.006803017193479199
0.006874778819482064
0.006898756453514121
0.006874778819482508
0.006803017193478755
0.00668398389532765
0.006518527800169149
0.006307826951301276
0.006255711076396331
0.006282657587046714
0.0065077674341829095
0.006689725196929341
0.0068272917024563284
0.006919528324508928
0.006965804860827873
0.006965804860827873
0.006919528324509372
0.0068272917024563284
0.006689725196929341
0.006507767434181577
0.006282657587044049
0.006116156086710234
0.006164768669109755
0.006407216335405863
0.006607839065090104
0.0067652935474162845
0.006878523297012329
0.006946767334336634
0.006969566507960323
0.006946767334336634
0.006878523297012329
0.00676529354741362
0.006607839065083887
0.006407216335408528
0.006164768669105314
0.006049182652589025
0.005984689078599725
0.006177171122135672
0.006021999120574328
0.006021999120571664
0.006286624045080735
0.0060628964614743985
0.0060888144640420805
0.0060628964614743985
0.006376512649527655
0.006106357150279962
0.006158116348209397
0.006158116348209397
0.006106357150279518
0.00644579169172399
0.006150987464671687
0.006228380846598824
0.006254251389287369
0.006228380846597936
0.0061509874645615525
0.006493386661387213
0.006194977540328495
0.006297607377386161
0.006349135629355018
0.006349135629355018
0.006297607377385717
0.006194977540327162
0.006518176061561132
0.00623605243457348
0.006363258773927072
0.006439997089079164
0.006465645811749354
0.0064399970890787195
0.006363258773927072
0.00623605243457348
0.006518973173039733
0.006271431220665313
0.006422209604792339
0.006523394789369252
0.006574188015767035
0.006574188015767035
0.006523394789376358
0.0064222096047932276
0.0062714312206662015
0.006494511313198004
0.006297806189606181
0.006470718526779606
0.006595182780157582
0.006670245278231235
0.006695330279807621
0.006670245278231235
0.006595182780161579
0.006470718526779606
0.006297806189604849
0.006443438192277551
0.006311358135204781
0.006504444150528421
0.006650524344174791
0.00674851711470259
0.006797695951247906
0.006797695951252347
0.00674851711470259
0.006650524344172126
0.0065044441505301975
0.006311358135204337
0.006364326746925553
0.0063078269513021645
0.0065185278001700375
0.006683983895328538
0.006803017193479199
0.006874778819482064
0.006898756453514121
0.006874778819482508
0.006803017193478755
0.00668398389532765
0.006518527800169149
0.006307826951301276
0.006255711076396331
0.006282657587046714
0.0065077674341829095
0.006689725196929341
0.0068272917024563284
0.006919528324508928
0.006965804860827873
0.006965804860827873
0.006919528324509372
0.0068272917024563284
0.006689725196929341
0.006507767434181577
0.006282657587044049
0.006116156086710234
0.005971520691424814
0.006008122731136822
0.006008122731131937
0.006048137945151577
0.0060737579530312225
0.0060481379451484685
0.006090541560061613
0.0061416927348250105
0.006141692734821014
0.006090541560066054
0.0061339420889705565
0.0062104032369689754
0.0062359615034055516
0.0062104032369694195
0.006133942088971445
0.006176536695383206
0.006277894874759493
0.006328782710134817
0.0063287827101321525
0.00627789487476349
0.0061765366953823175
0.006216064449687586
0.006341645043093536
0.0064173987928475285
0.006442717801573128
0.0064173987928479725
0.006341645043101529
0.006216064449688918
0.006249767980378351
0.00639855455698779
0.006498396848422683
0.006548514099091296
0.006548514098992264
0.006498396848422239
0.006398554556998004
0.0062497679803743544
0.006274375428842127
0.006444923344929521
0.006567676621461516
0.006641703633976093
0.006666441984860327
0.00664170363397476
0.006567676621463292
0.006444923344925968
0.006274375428836354
0.006286118283999276
0.006476469422958875
0.006620468386462353
0.006717059241953649
0.006765532770292015
0.00676553277019476
0.0067170592419558695
0.006620468386454803
0.006476469422957987
0.006286118283895803
0.0062808037207293665
0.006488413733487519
0.006651427343426164
0.00676869520618073
0.006839389199198909
0.006863009555193145
0.006839389199200685
0.006768695206182951
0.006651427343420391
0.006488413733385823
0.006280803720732919
0.006253960620568932
0.006475654060433378
0.006654831854399301
0.006790285798301543
0.0068811008181146605
0.006926662565339026
0.006926662565336805
0.006881100818118657
0.006790285798294882
0.006654831854405074
0.0064756540604364865
0.006253960620568932
0.005984689078599725
0.006021999120574328
0.006021999120571664
0.0060628964614743985
0.0060888144640420805
0.0060628964614743985
0.006106357150279962
0.006158116348209397
0.006158116348209397
0.006106357150279518
0.006150987464671687
0.006228380846598824
0.006254251389287369
0.006228380846597936
0.006150987464672575
0.006194977540328495
0.006297607377386161
0.006349135629355018
0.006349135629355018
0.006297607377385717
0.006194977540327162
0.00623605243457348
0.006363258773927072
0.006439997089079164
0.006465645811749354
0.0064399970890787195
0.006363258773927072
0.00623605243457348
0.006271431220665313
0.006422209604792339
0.006523394789369252
0.006574188015767035
0.006574188015767035
0.006523394789376358
0.0064222096047932276
0.006271431220665757
0.006297806189606181
0.006470718526779606
0.006595182780157582
0.006670245278231235
0.006695330279807621
0.006670245278231235
0.006595182780161579
0.006470718526779606
0.006297806189604849
0.006311358135204781
0.006504444150528421
0.006650524344174791
0.00674851711470259
0.006797695951247906
0.006797695951252347
0.00674851711470259
0.006650524344172126
0.0065044441505301975
0.006311358135204337
0.0063078269513021645
0.0065185278001700375
0.006683983895328538
0.006803017193479199
0.006874778819482064
0.006898756453514121
0.006874778819482508
0.006803017193478755
0.00668398389532765
0.006518527800169149
0.006307826951299944
0.006282657587046714
0.0065077674341829095
0.006689725196929341
0.0068272917024563284
0.006919528324508928
0.006965804860827873
0.006965804860827873
0.006919528324509372
0.0068272917024563284
0.006689725196929341
0.006507767434181577
0.006282657587044049
0.005955521772561756
0.005971520691424814
0.005972583928079533
0.006008122731136822
0.006008122731131937
0.005993694864875998
0.006048137945151577
0.0060737579530312225
0.0060481379451484685
0.006018106314797045
0.006090541560061613
0.0061416927348250105
0.006141692734821014
0.006090541560066054
0.006044758209663215
0.0061339420889705565
0.0062104032369689754
0.0062359615034055516
0.0062104032369694195
0.006133942088971445
0.006072245325765557
0.006176536695383206
0.006277894874759493
0.006328782710134817
0.0063287827101321525
0.00627789487476349
0.0061765366953823175
0.006098776549505747
0.006216064449687586
0.006341645043093536
0.0064173987928475285
0.006442717801573128
0.0064173987928479725
0.006341645043101529
0.006216064449688918
0.006122135691662756
0.006249767980378351
0.00639855455698779
0.006498396848422683
0.006548514099091296
0.006548514098992264
0.006498396848422239
0.006398554556998004
0.0062497679803743544
0.00613965188754273
0.006274375428842127
0.006444923344929521
0.006567676621461516
0.006641703633976093
0.006666441984860327
0.00664170363397476
0.006567676621463292
0.006444923344925968
0.006274375428836354
0.0061481907517455525
0.006286118283999276
0.006476469422958875
0.006620468386462353
0.006717059241953649
0.006765532770292015
0.00676553277019476
0.0067170592419558695
0.006620468386454803
0.006476469422957987
0.006286118283895803
0.006144180803858035
0.0062808037207293665
0.006488413733487519
0.006651427343426164
0.00676869520618073
0.006839389199198909
0.006863009555193145
0.006839389199200685
0.006768695206182951
0.006651427343420391
0.006488413733385823
0.006280803720732919
0.006123692061701824
0.006253960620568932
0.006475654060433378
0.006654831854399301
0.006790285798301543
0.0068811008181146605
0.006926662565339026
0.006926662565336805
0.006881100818118657
0.006790285798294882
0.006654831854405074
0.0064756540604364865
0.006253960620568932
0.006082583532379893
0.005955521772561756
0.005972583928079089
0.005984689078597505
0.00599369486487733
0.006021999120574328
0.0060219991205698875
0.006018106314797045
0.006062896461473066
0.006088814464043857
0.006062896461473066
0.006044758209663659
0.006106357150282626
0.006158116348206288
0.006158116348206288
0.006106357150282626
0.006072245325767778
0.006150987464673907
0.0062283808466041535
0.006254251389282928
0.006228380846605486
0.006150987464669022
0.006098776549506635
0.006194977540329383
0.006297607377384384
0.00634913562936168
0.00634913562936168
0.006297607377385717
0.006194977540327606
0.006122135691660979
0.006236052434573036
0.00636325877392796
0.006439997089080052
0.006465645811751131
0.006439997089079608
0.006363258773928404
0.006236052434573036
0.006139651887544062
0.006271431220663981
0.00642220960479456
0.006523394789373249
0.006574188015767035
0.006574188015766591
0.006523394789376358
0.00642220960479456
0.006271431220664425
0.006148190751744664
0.006297806189604405
0.006470718526779162
0.006595182780158915
0.006670245278231235
0.006695330279806733
0.006670245278231235
0.006595182780158915
0.006470718526779606
0.006297806189602628
0.006144180803860255
0.006311358135203449
0.006504444150529309
0.006650524344174791
0.006748517114703034
0.006797695951247906
0.006797695951247906
0.0067485171147043665
0.006650524344174791
0.0065044441505301975
0.006311358135203893
0.0061236920617031565
0.006307826951294615
0.006518527800169149
0.006683983895328538
0.006803017193478311
0.006874778819482064
0.006898756453513677
0.006874778819482064
0.006803017193479199
0.00668398389532765
0.006518527800168705
0.006307826951296391
0.006082583532379893
0.006282657587048046
0.0065077674341829095
0.006689725196928897
0.0068272917024563284
0.006919528324508928
0.0069658048609184675
0.0069658048609184675
0.006919528324509372
0.00682729170245544
0.006689725196928897
0.006507767434182021
0.0062826575870449375
0.005971520691425258
0.0060081227311372665
0.006008122731131049
0.006048137945149357
0.0060737579530312225
0.006048137945152465
0.006090541560067386
0.006141692734821014
0.0061416927348250105
0.006090541560061613
0.006133942088967892
0.00621040323697386
0.006235961503406884
0.006210403236967643
0.006133942088971445
0.006176536695384538
0.006277894874764378
0.006328782710133485
0.006328782710135261
0.006277894874762602
0.006176536695378765
0.006216064449690251
0.006341645043101529
0.0064173987928479725
0.00644271780157224
0.006417398792848417
0.006341645043093536
0.006216064449686698
0.006249767980378795
0.006398554556996672
0.006498396848422239
0.00654851409899182
0.006548514099091296
0.006498396848422683
0.00639855455698779
0.006249767980378351
0.006274375428837242
0.006444923344926412
0.006567676621468621
0.006641703633972984
0.006666441984857663
0.0066417036339752045
0.00656767662146196
0.006444923344929521
0.006274375428844792
0.0062861182838935825
0.006476469422958431
0.006620468386455247
0.006717059241955425
0.0067655327701983126
0.0067655327701978685
0.006717059241953205
0.006620468386463241
0.006476469422959763
0.00628611828399972
0.006280803720732919
0.006488413733385823
0.006651427343420835
0.006768695206183839
0.006839389199201573
0.006863009555193589
0.006839389199199797
0.006768695206184283
0.006651427343428384
0.006488413733487075
0.006280803720728478
0.006253960620568932
0.0064756540604364865
0.006654831854402854
0.0067902857982939935
0.0068811008181146605
0.006926662565336361
0.006926662565338582
0.0068811008181146605
0.006790285798301543
0.006654831854405074
0.006475654060435154
0.006253960620571597
