0.07950470648587385
0.17465765603410496
0.24638462351806648
0.28485117735940346
0.07950470648587385
0.17465765603410496
0.24638462351806648
0.28485117735940346
0.07950470648587385
0.17465765603410496
0.24638462351806648
0.28485117735940346
0.07950470648587385
0.17465765603410496
0.24638462351806648
0.28485117735940346
0.07950470648587385
0.17465765603410496
0.24638462351806648
0.28485117735940346
0.07950470648587385
0.17465765603410496
0.24638462351806648
0.28485117735940346
0.07950470648587385
0.17465765603410496
0.24638462351806648
0.28485117735940346
0.07950470648587385
0.17465765603410496
0.24638462351806648
0.28485117735940346
0.07950470648587385
0.17465765603410496
0.24638462351806648
0.28485117735940346
0.07950470648587385
0.17465765603410496
0.24638462351806648
0.28485117735940346
0.07950470648587385
0.17465765603410496
0.24638462351806648
0.28485117735940346
0.07950470648587385
0.17465765603410496
0.24638462351806648
0.28485117735940346
0.07950470648587385
0.17465765603410496
0.24638462351806648
0.28485117735940346
0.07950470648587385
0.17465765603410496
0.24638462351806648
0.28485117735940346
0.07950470648587385
0.17465765603410496
0.24638462351806648
0.28485117735940346
0.07950470648587385
0.17465765603410496
0.24638462351806648
0.28485117735940346
