0.10425818355517791
0.17041757686196046
0.17041757686196046
0.18872340927214637
0.19488225272569526
0.18872340927214637
0.19036071291915402
0.2176370919724584
0.2176370919724615
0.19036071291915402
0.10425818355517791
0.2006095547191542
0.22466999737089832
0.20060955471915598
0.10425818355517791
0.17041757686196046
0.19488225272569526
0.18872340927214637
0.2176370919724584
0.2176370919724615
0.19036071291915402
0.2006095547191542
0.22466999737089832
0.20060955471915598
0.10425818355517791
0.17041757686196046
0.18872340927214637
0.19488225272569526
0.19036071291915402
0.2176370919724584
0.2176370919724615
0.10425818355517791
0.2006095547191542
0.22466999737089832
0.20060955471915598
0.19488225272569526
0.2176370919724584
0.2176370919724615
0.2006095547191542
0.22466999737089832
0.20060955471915598
0.10425818355517791
0.17041757686196046
0.17041757686196046
0.18872340927214637
0.19488225272569526
0.18872340927214637
0.19036071291915402
0.2176370919724584
0.2176370919724615
0.19036071291915402
0.17041757686196046
0.19488225272569526
0.18872340927214637
0.2176370919724584
0.2176370919724615
0.19036071291915402
0.17041757686196046
0.18872340927214637
0.19488225272569526
0.19036071291915402
0.2176370919724584
0.2176370919724615
0.19488225272569526
0.2176370919724584
0.2176370919724615
