0.008825640229453313
0.011672111795903994
0.011648689605281426
0.013534234771723774
0.013199139471846255
0.013486518482768162
0.015065629181358453
0.015076775338216386
0.015054505908822957
0.014994313203156029
0.015941458821748355
0.016424869735259584
0.016891862796645896
0.016382122645253183
0.015854858123268478
0.015941458821748355
0.016918749296274793
0.017953057864613875
0.017933193896022104
0.016864761726830046
0.015853912441450735
0.015065629181357565
0.016424869735259584
0.01795305786461343
0.01850438035220847
0.017923111967834693
0.016373170601801768
0.014991730287610583
0.01353423477172555
0.015076775338217274
0.016891862796645007
0.017933193896020327
0.017923111967834693
0.016864477754509277
0.015038962776021236
0.013482915852260913
0.011672111795903106
0.0131991394718467
0.015054505908826954
0.016382122645213215
0.016864761726834487
0.01637317060180621
0.015038962776017684
0.013180428207849815
0.011644745887095187
0.008825640229453313
0.011648689605280094
0.013486518482718868
0.014994313203155585
0.015854858123267146
0.015853912441452067
0.014991730287610583
0.013482915852259136
0.011644745887095187
0.008825640229453313
0.011648689605281426
0.013199139471846255
0.013486518482766385
0.015076775338216386
0.015054505908822957
0.014994313203156917
0.016424869735259584
0.016891862796645896
0.016382122645253183
0.015854858123268478
0.016918749296274793
0.017953057864613875
0.017933193896022104
0.016864761726830046
0.015853912441450735
0.016424869735259584
0.01795305786461343
0.01850438035220847
0.017923111967834693
0.016373170601801768
0.014991730287611915
0.015076775338217274
0.016891862796645007
0.017933193896020327
0.017923111967834693
0.016864477754509277
0.015038962776021236
0.013482915852262689
0.0131991394718467
0.015054505908826954
0.016382122645213215
0.016864761726834487
0.01637317060180621
0.015038962776017684
0.013180428207849815
0.011644745887095187
0.011648689605280094
0.013486518482717091
0.014994313203156473
0.015854858123267146
0.015853912441452067
0.014991730287611915
0.013482915852260913
0.011644745887095187
0.008825640229452425
0.011644745887092522
0.011644745887092522
0.013482915852260913
0.013180428207851147
0.013482915852260025
0.014991730287610583
0.01503896277602168
0.015038962776020792
0.014991730287609695
0.01585391244145118
0.0163731706018031
0.016864477754511942
0.01637317060180221
0.01585391244145029
0.0158548581232254
0.01686476172683493
0.017923111967838246
0.01792311196783869
0.01686476172687268
0.015854858123227178
0.014994313203153808
0.016382122645215436
0.017933193896021216
0.018504380352205807
0.017933193896018107
0.016382122645214547
0.014994313203156029
0.0134865184827202
0.015054505908824733
0.016891862796642343
0.0179530578646121
0.0179530578646121
0.0168918627966419
0.015054505908825178
0.013486518482720644
0.011648689605282314
0.013199139471848476
0.015076775338217274
0.016424869735259584
0.016918749296275237
0.016424869735259584
0.015076775338219939
0.013199139471847143
0.011648689605282758
0.008825640229452425
0.011672111795903994
0.013534234771726439
0.015065629181356677
0.015941458821748355
0.015941458821748355
0.015065629181358453
0.01353423477172555
0.011672111795902218
0.008825640229452869
0.013149786824962817
0.014999809633279515
0.014999809633277295
0.016325595832608286
0.016810802188917062
0.01632559583260651
0.016810802188920615
0.01785523674986056
0.017855236749863668
0.01681080218891573
0.01632559583261184
0.017855236749858783
0.018417978437509586
0.01785523674985967
0.01632559583268245
0.01499980963332348
0.016810802188918395
0.01785523674985967
0.01785523674986278
0.016810802188917062
0.014999809633278183
0.013149786824963261
0.014999809633282624
0.016325595832685558
0.016810802188917506
0.01632559583260873
0.014999809633275962
0.013149786824961929
0.011644745887092522
0.013482915852262245
0.01499173028760703
0.015853912441450735
0.015854858123268478
0.014994313203153808
0.013486518482718868
0.011648689605280094
0.008825640229453313
0.011644745887092522
0.011644745887092522
0.013482915852260913
0.013180428207851147
0.013482915852260025
0.014991730287610583
0.01503896277602168
0.015038962776020792
0.014991730287609695
0.01585391244145118
0.0163731706018031
0.016864477754511942
0.01637317060180221
0.01585391244145029
0.0158548581232254
0.01686476172683493
0.017923111967838246
0.01792311196783869
0.01686476172687268
0.015854858123227178
0.014994313203154253
0.016382122645215436
0.017933193896021216
0.018504380352205807
0.017933193896018107
0.016382122645214547
0.014994313203155585
0.013486518482720644
0.015054505908824733
0.016891862796642343
0.0179530578646121
0.0179530578646121
0.0168918627966419
0.015054505908825178
0.0134865184827202
0.011648689605282314
0.013199139471848476
0.015076775338217274
0.016424869735259584
0.016918749296275237
0.016424869735259584
0.015076775338219939
0.013199139471847143
0.01164868960528187
0.011648689605281426
0.013486518482768162
0.013149786824962373
0.014994313203156029
0.014999809633323036
0.014999809633279071
0.015854858123268478
0.016325595832605178
0.016810802188917062
0.016325595832608286
0.015853912441450735
0.016810802188916618
0.017855236749863668
0.01785523674986056
0.016810802188919283
0.014991730287610583
0.01632559583268378
0.01785523674986056
0.01841797843750914
0.017855236749857895
0.016325595832684225
0.013482915852260913
0.01499980963327463
0.016810802188916174
0.017855236749861447
0.01785523674985967
0.01681080218891884
0.014999809633279515
0.011644745887095187
0.013149786824963705
0.014999809633275518
0.016325595832609174
0.016810802188917506
0.016325595832685558
0.014999809633281735
0.013149786824963705
0.008825640229452869
0.011648689605280094
0.01348651848271798
0.014994313203156029
0.015854858123268478
0.01585391244145118
0.014991730287610139
0.013482915852261357
0.011644745887092967
0.011648689605281426
0.013149786824962817
0.013486518482766385
0.014999809633279515
0.014999809633277295
0.014994313203156917
0.016325595832608286
0.016810802188917062
0.01632559583260651
0.015854858123268478
0.016810802188920615
0.01785523674986056
0.017855236749863668
0.01681080218891573
0.015853912441450735
0.01632559583261184
0.017855236749858783
0.018417978437509586
0.01785523674985967
0.01632559583268245
0.014991730287611915
0.01499980963332348
0.016810802188918395
0.01785523674985967
0.01785523674986278
0.016810802188917062
0.014999809633278183
0.013482915852262689
0.013149786824963261
0.014999809633282624
0.016325595832685558
0.016810802188917506
0.01632559583260873
0.014999809633275962
0.013149786824961929
0.011644745887095187
0.011644745887092078
0.013482915852262245
0.01499173028760703
0.015853912441450735
0.015854858123268478
0.014994313203153808
0.013486518482718868
0.011648689605280094
0.008825640229452425
0.011672111795903994
0.013534234771723774
0.013199139471846255
0.015065629181358453
0.015076775338216386
0.015054505908822957
0.015941458821748355
0.016424869735259584
0.016891862796645896
0.016382122645253183
0.015941458821748355
0.016918749296274793
0.017953057864613875
0.017933193896022104
0.016864761726830046
0.015065629181357565
0.016424869735259584
0.01795305786461343
0.01850438035220847
0.017923111967834693
0.016373170601801768
0.01353423477172555
0.015076775338217274
0.016891862796645007
0.017933193896020327
0.017923111967834693
0.016864477754509277
0.015038962776021236
0.011672111795903106
0.0131991394718467
0.015054505908826954
0.016382122645213215
0.016864761726834487
0.01637317060180621
0.015038962776017684
0.013180428207849815
0.008825640229453313
0.011648689605280094
0.013486518482717091
0.014994313203156473
0.015854858123267146
0.015853912441452067
0.014991730287611915
0.013482915852260913
0.011644745887095187
0.013199139471846255
0.015076775338216386
0.015054505908822957
0.016424869735259584
0.016891862796645896
0.016382122645253183
0.016918749296274793
0.017953057864613875
0.017933193896022104
0.016864761726830046
0.016424869735259584
0.01795305786461343
0.01850438035220847
0.017923111967834693
0.016373170601801768
0.015076775338217274
0.016891862796645007
0.017933193896020327
0.017923111967834693
0.016864477754509277
0.015038962776021236
0.0131991394718467
0.015054505908826954
0.016382122645213215
0.016864761726834487
0.01637317060180621
0.015038962776017684
0.013180428207849815
0.011648689605280094
0.013486518482717091
0.014994313203156473
0.015854858123267146
0.015853912441452067
0.014991730287611915
0.013482915852260913
0.011644745887095187
0.011648689605279205
0.011672111795904883
0.01348651848271798
0.013199139471847143
0.01353423477172555
0.014994313203156029
0.015054505908824733
0.01507677533821905
0.015065629181357565
0.015854858123269366
0.016382122645214103
0.016891862796642787
0.016424869735260028
0.015941458821748355
0.01585391244145251
0.0168647617268336
0.01793319389602166
0.01795305786460588
0.016918749296274793
0.015941458821748355
0.014991730287607474
0.016373170601805764
0.017923111967838246
0.018504380352211136
0.017953057864612987
0.01642486973525914
0.01506562918135712
0.013482915852262245
0.015038962776015907
0.01686447775458344
0.017923111967832916
0.017933193896017663
0.0168918627966419
0.015076775338220383
0.01353423477172555
0.011644745887092078
0.013180428207848482
0.015038962776019016
0.016373170601803988
0.016864761726833155
0.016382122645216324
0.015054505908823401
0.013199139471849364
0.011672111795904438
0.008825640229451981
0.011644745887094299
0.013482915852261357
0.014991730287607474
0.01585391244145118
0.015854858123268034
0.01499431320315514
0.013486518482718424
0.011648689605280982
0.011644745887092522
0.013482915852260913
0.013149786824962817
0.014991730287610583
0.014999809633279515
0.014999809633277295
0.01585391244145118
0.016325595832608286
0.016810802188917062
0.01632559583260651
0.0158548581232254
0.016810802188920615
0.01785523674986056
0.017855236749863668
0.01681080218891573
0.014994313203154253
0.01632559583261184
0.017855236749858783
0.018417978437509586
0.01785523674985967
0.01632559583268245
0.013486518482720644
0.01499980963332348
0.016810802188918395
0.01785523674985967
0.01785523674986278
0.016810802188917062
0.014999809633278183
0.011648689605282314
0.013149786824963261
0.014999809633282624
0.016325595832685558
0.016810802188917506
0.01632559583260873
0.014999809633275962
0.013149786824961929
0.011644745887092522
0.013180428207851147
0.013482915852260025
0.01503896277602168
0.015038962776020792
0.014991730287609695
0.0163731706018031
0.016864477754511942
0.01637317060180221
0.01585391244145029
0.01686476172683493
0.017923111967838246
0.01792311196783869
0.01686476172687268
0.015854858123227178
0.016382122645215436
0.017933193896021216
0.018504380352205807
0.017933193896018107
0.016382122645214547
0.014994313203156029
0.015054505908824733
0.016891862796642343
0.0179530578646121
0.0179530578646121
0.0168918627966419
0.015054505908825178
0.013486518482720644
0.013199139471848476
0.015076775338217274
0.016424869735259584
0.016918749296275237
0.016424869735259584
0.015076775338219939
0.013199139471847143
0.011648689605282758
0.011672111795903994
0.013534234771726439
0.015065629181356677
0.015941458821748355
0.015941458821748355
0.015065629181358453
0.01353423477172555
0.011672111795902218
0.008825640229452425
0.013149786824962817
0.014999809633279515
0.014999809633277295
0.016325595832608286
0.016810802188917062
0.01632559583260651
0.016810802188920615
0.01785523674986056
0.017855236749863668
0.01681080218891573
0.01632559583261184
0.017855236749858783
0.018417978437509586
0.01785523674985967
0.01632559583268245
0.01499980963332348
0.016810802188918395
0.01785523674985967
0.01785523674986278
0.016810802188917062
0.014999809633278183
0.013149786824963261
0.014999809633282624
0.016325595832685558
0.016810802188917506
0.01632559583260873
0.014999809633275962
0.013149786824961929
0.011644745887092078
0.013482915852262245
0.01499173028760703
0.015853912441450735
0.015854858123268478
0.014994313203153808
0.013486518482718868
0.011648689605280094
0.011644745887092078
0.013180428207850259
0.013482915852261357
0.015038962776019016
0.015038962776019016
0.014991730287607918
0.016373170601801768
0.016864477754510165
0.016373170601801768
0.01585391244145118
0.016864761726834487
0.017923111967838246
0.01792311196783869
0.01686476172683138
0.015854858123268478
0.01638212264521499
0.017933193896020327
0.018504380352205807
0.01793319389601855
0.016382122645214103
0.014994313203155585
0.015054505908825622
0.016891862796641455
0.017953057864612543
0.017953057864612987
0.016891862796640567
0.015054505908825622
0.013486518482718868
0.013199139471846255
0.015076775338215942
0.016424869735259584
0.016918749296275237
0.016424869735259584
0.015076775338217718
0.013199139471847143
0.011648689605280538
0.01167211179590577
0.01353423477172555
0.015065629181356677
0.015941458821748355
0.015941458821748355
0.015065629181358453
0.01353423477172555
0.011672111795903994
0.011644745887092078
0.013180428207850259
0.013482915852261357
0.015038962776019016
0.015038962776019016
0.014991730287607918
0.016373170601801768
0.016864477754510165
0.016373170601801768
0.01585391244145118
0.016864761726834487
0.017923111967838246
0.01792311196783869
0.01686476172683138
0.015854858123268478
0.01638212264521499
0.017933193896020327
0.018504380352205807
0.01793319389601855
0.016382122645214103
0.014994313203155585
0.015054505908825622
0.016891862796641455
0.017953057864612543
0.017953057864612987
0.016891862796640567
0.015054505908825622
0.013486518482718868
0.013199139471846255
0.015076775338215942
0.016424869735259584
0.016918749296275237
0.016424869735259584
0.015076775338217718
0.013199139471847143
0.011648689605280538
0.013149786824962373
0.014999809633323036
0.014999809633279071
0.016325595832605178
0.016810802188917062
0.016325595832608286
0.016810802188916618
0.017855236749863668
0.01785523674986056
0.016810802188919283
0.01632559583268378
0.01785523674986056
0.01841797843750914
0.017855236749857895
0.016325595832684225
0.01499980963327463
0.016810802188916174
0.017855236749861447
0.01785523674985967
0.01681080218891884
0.014999809633279515
0.013149786824963705
0.014999809633275518
0.016325595832609174
0.016810802188917506
0.016325595832685558
0.014999809633283068
0.013149786824963705
0.013180428207850703
0.015038962776019016
0.01503896277601946
0.016373170601801768
0.016864477754510165
0.016373170601802656
0.016864761726834487
0.017923111967838246
0.01792311196783869
0.01686476172683138
0.01638212264521499
0.017933193896020327
0.018504380352205807
0.01793319389601855
0.016382122645214103
0.015054505908825622
0.016891862796641455
0.017953057864612543
0.017953057864612987
0.016891862796640567
0.015054505908825622
0.013199139471846255
0.015076775338215942
0.016424869735259584
0.016918749296275237
0.016424869735259584
0.015076775338217718
0.013199139471847143
0.011644745887092522
0.013149786824962373
0.013482915852260025
0.014999809633323036
0.014999809633279071
0.014991730287609695
0.016325595832605178
0.016810802188917062
0.016325595832608286
0.01585391244145029
0.016810802188916618
0.017855236749863668
0.01785523674986056
0.016810802188919283
0.015854858123227178
0.01632559583268378
0.01785523674986056
0.01841797843750914
0.017855236749857895
0.016325595832684225
0.014994313203155585
0.01499980963327463
0.016810802188916174
0.017855236749861447
0.01785523674985967
0.01681080218891884
0.014999809633279515
0.0134865184827202
0.013149786824963705
0.014999809633275518
0.016325595832609174
0.016810802188917506
0.016325595832685558
0.014999809633283068
0.013149786824963705
0.011648689605282758
0.011644745887092522
0.013482915852260913
0.013180428207851147
0.014991730287610583
0.01503896277602168
0.015038962776020792
0.01585391244145118
0.0163731706018031
0.016864477754511942
0.01637317060180221
0.0158548581232254
0.01686476172683493
0.017923111967838246
0.01792311196783869
0.01686476172687268
0.014994313203154253
0.016382122645215436
0.017933193896021216
0.018504380352205807
0.017933193896018107
0.016382122645214547
0.013486518482720644
0.015054505908824733
0.016891862796642343
0.0179530578646121
0.0179530578646121
0.0168918627966419
0.015054505908825178
0.011648689605281426
0.013199139471848476
0.015076775338217274
0.016424869735259584
0.016918749296275237
0.016424869735259584
0.015076775338219939
0.013199139471847143
0.013149786824962817
0.014999809633279515
0.014999809633277295
0.016325595832608286
0.016810802188917062
0.01632559583260651
0.016810802188920615
0.01785523674986056
0.017855236749863668
0.01681080218891573
0.01632559583261184
0.017855236749858783
0.018417978437509586
0.01785523674985967
0.01632559583268245
0.01499980963332348
0.016810802188918395
0.01785523674985967
0.01785523674986278
0.016810802188917062
0.014999809633278183
0.013149786824963261
0.014999809633281291
0.016325595832685558
0.016810802188917506
0.01632559583260873
0.014999809633275962
0.013149786824961929
