0.013619565288387037
0.020670205825269683
0.020670205825269683
0.02106237433841418
0.021114560247275982
0.02106237433841418
0.021580332673746483
0.02188570028400294
0.02188570028400294
0.021580332673746483
0.022198550437005693
0.022779278917193668
0.02322585239763164
0.022779278917193668
0.02219855043700658
0.02286755399578677
0.02375061056622485
0.02466501847998348
0.024665018479982148
0.02375061056622796
0.02286755399578766
0.023501140505273632
0.024713130817300755
0.0261038426357878
0.026573359746330905
0.026103842635786467
0.02471313081730253
0.02350114050527452
0.023964143786447067
0.02552112188512412
0.027364941372745477
0.028303809354459197
0.02830380935445964
0.027364941372745477
0.025521121885150322
0.023964143786447067
0.02407185373081422
0.025962853737023117
0.02818124138458389
0.029542948751924758
0.030002058670037357
0.029542948751924758
0.028181241384583444
0.025962853737023117
0.02407185373081422
0.02361965070691241
0.025786960217068167
0.0282284619095301
0.029899155505010544
0.030747719390316064
0.030747719390314288
0.029899155505012764
0.028228461909531877
0.025786960217068167
0.02361965070691241
0.022454505126145108
0.024781978109589264
0.0272307693137237
0.02902926071016987
0.03012864343690369
0.030498542789425986
0.03012864343690458
0.029029260710170757
0.0272307693137277
0.024781978109590153
0.022454505126145108
0.013619565288387037
0.022905293111826985
0.025449023597146514
0.02741599441110676
0.028756346962127033
0.02943541621278367
0.029435416212781895
0.02875634696212437
0.02741599441110676
0.025449023597145626
0.022905293111822544
0.013619565288387037
0.020670205825269683
0.021114560247275982
0.02106237433841418
0.02188570028400294
0.02188570028400294
0.021580332673746483
0.022779278917193668
0.02322585239763164
0.022779278917193668
0.02219855043700658
0.02375061056622485
0.02466501847998348
0.024665018479982148
0.02375061056622796
0.02286755399578766
0.024713130817300755
0.0261038426357878
0.026573359746330905
0.026103842635786467
0.02471313081730253
0.02350114050527452
0.02552112188512412
0.027364941372745477
0.028303809354459197
0.02830380935445964
0.027364941372745477
0.025521121885150322
0.023964143786447067
0.025962853737023117
0.02818124138458389
0.029542948751924758
0.030002058670037357
0.029542948751924758
0.028181241384583444
0.025962853737023117
0.02407185373081422
0.025786960217068167
0.0282284619095301
0.029899155505010544
0.030747719390316064
0.030747719390314288
0.029899155505012764
0.028228461909531877
0.025786960217068167
0.02361965070691241
0.024781978109589264
0.0272307693137237
0.02902926071016987
0.03012864343690369
0.030498542789425986
0.03012864343690458
0.029029260710170757
0.0272307693137277
0.024781978109590153
0.022454505126145108
0.022905293111826985
0.025449023597146514
0.02741599441110676
0.028756346962127033
0.02943541621278367
0.029435416212781895
0.02875634696212437
0.02741599441110676
0.025449023597145626
0.022905293111822544
0.013619565288387037
0.020670205825269683
0.02106237433841418
0.021114560247275982
0.021580332673746483
0.02188570028400294
0.02188570028400294
0.022198550437005693
0.022779278917193668
0.02322585239763164
0.022779278917193668
0.02286755399578677
0.02375061056622485
0.02466501847998348
0.024665018479982148
0.02375061056622796
0.023501140505273632
0.024713130817300755
0.0261038426357878
0.026573359746330905
0.026103842635786467
0.02471313081730253
0.023964143786447067
0.02552112188512412
0.027364941372745477
0.028303809354459197
0.02830380935445964
0.027364941372745477
0.025521121885150322
0.02407185373081422
0.025962853737023117
0.02818124138458389
0.029542948751924758
0.030002058670037357
0.029542948751924758
0.028181241384583444
0.025962853737023117
0.02361965070691241
0.025786960217068167
0.0282284619095301
0.029899155505010544
0.030747719390316064
0.030747719390314288
0.029899155505012764
0.028228461909531877
0.025786960217068167
0.022454505126145108
0.024781978109589264
0.0272307693137237
0.02902926071016987
0.03012864343690369
0.030498542789425986
0.03012864343690458
0.029029260710170757
0.0272307693137277
0.024781978109590153
0.013619565288387037
0.022905293111826985
0.025449023597146514
0.02741599441110676
0.028756346962127033
0.02943541621278367
0.029435416212781895
0.02875634696212437
0.02741599441110676
0.025449023597145626
0.022905293111822544
0.021114560247275982
0.02188570028400294
0.02188570028400294
0.022779278917193668
0.02322585239763164
0.022779278917193668
0.02375061056622485
0.02466501847998348
0.024665018479982148
0.02375061056622796
0.024713130817300755
0.0261038426357878
0.026573359746330905
0.026103842635786467
0.02471313081730253
0.02552112188512412
0.027364941372745477
0.028303809354459197
0.02830380935445964
0.027364941372745477
0.025521121885150322
0.025962853737023117
0.02818124138458389
0.029542948751924758
0.030002058670037357
0.029542948751924758
0.028181241384583444
0.025962853737023117
0.025786960217068167
0.0282284619095301
0.029899155505010544
0.030747719390316064
0.030747719390314288
0.029899155505012764
0.028228461909531877
0.025786960217068167
0.024781978109589264
0.0272307693137237
0.02902926071016987
0.03012864343690369
0.030498542789425986
0.03012864343690458
0.029029260710170757
0.0272307693137277
0.024781978109590153
0.022905293111826985
0.025449023597146514
0.02741599441110676
0.028756346962127033
0.02943541621278367
0.029435416212781895
0.02875634696212437
0.02741599441110676
0.025449023597145626
0.022905293111822544
0.013619565288387037
0.020670205825269683
0.020670205825269683
0.02106237433841418
0.021114560247275982
0.02106237433841418
0.021580332673746483
0.02188570028400294
0.02188570028400294
0.021580332673746483
0.022198550437005693
0.022779278917193668
0.02322585239763164
0.022779278917193668
0.02219855043700658
0.02286755399578677
0.02375061056622485
0.02466501847998348
0.024665018479982148
0.02375061056622796
0.02286755399578766
0.023501140505273632
0.024713130817300755
0.0261038426357878
0.026573359746330905
0.026103842635786467
0.02471313081730253
0.02350114050527452
0.023964143786447067
0.02552112188512412
0.027364941372745477
0.028303809354459197
0.02830380935445964
0.027364941372745477
0.025521121885150322
0.023964143786447067
0.02407185373081422
0.025962853737023117
0.02818124138458389
0.029542948751924758
0.030002058670037357
0.029542948751924758
0.028181241384583444
0.025962853737023117
0.02407185373081422
0.02361965070691241
0.025786960217068167
0.0282284619095301
0.029899155505010544
0.030747719390316064
0.030747719390314288
0.029899155505012764
0.028228461909531877
0.025786960217068167
0.02361965070691241
0.022454505126145108
0.024781978109589264
0.0272307693137237
0.02902926071016987
0.03012864343690369
0.030498542789425986
0.03012864343690458
0.029029260710170757
0.0272307693137277
0.024781978109590153
0.022454505126145108
0.020670205825269683
0.021114560247275982
0.02106237433841418
0.02188570028400294
0.02188570028400294
0.021580332673746483
0.022779278917193668
0.02322585239763164
0.022779278917193668
0.02219855043700658
0.02375061056622485
0.02466501847998348
0.024665018479982148
0.02375061056622796
0.02286755399578766
0.024713130817300755
0.0261038426357878
0.026573359746330905
0.026103842635786467
0.02471313081730253
0.02350114050527452
0.02552112188512412
0.027364941372745477
0.028303809354459197
0.02830380935445964
0.027364941372745477
0.025521121885150322
0.023964143786447067
0.025962853737023117
0.02818124138458389
0.029542948751924758
0.030002058670037357
0.029542948751924758
0.028181241384583444
0.025962853737023117
0.02407185373081422
0.025786960217068167
0.0282284619095301
0.029899155505010544
0.030747719390316064
0.030747719390314288
0.029899155505012764
0.028228461909531877
0.025786960217068167
0.02361965070691241
0.024781978109589264
0.0272307693137237
0.02902926071016987
0.03012864343690369
0.030498542789425986
0.03012864343690458
0.029029260710170757
0.0272307693137277
0.024781978109590153
0.022454505126145108
0.020670205825269683
0.02106237433841418
0.021114560247275982
0.021580332673746483
0.02188570028400294
0.02188570028400294
0.022198550437005693
0.022779278917193668
0.02322585239763164
0.022779278917193668
0.02286755399578677
0.02375061056622485
0.02466501847998348
0.024665018479982148
0.02375061056622796
0.023501140505273632
0.024713130817300755
0.0261038426357878
0.026573359746330905
0.026103842635786467
0.02471313081730253
0.023964143786447067
0.02552112188512412
0.027364941372745477
0.028303809354459197
0.02830380935445964
0.027364941372745477
0.025521121885150322
0.02407185373081422
0.025962853737023117
0.02818124138458389
0.029542948751924758
0.030002058670037357
0.029542948751924758
0.028181241384583444
0.025962853737023117
0.02361965070691241
0.025786960217068167
0.0282284619095301
0.029899155505010544
0.030747719390316064
0.030747719390314288
0.029899155505012764
0.028228461909531877
0.025786960217068167
0.022454505126145108
0.024781978109589264
0.0272307693137237
0.02902926071016987
0.03012864343690369
0.030498542789425986
0.03012864343690458
0.029029260710170757
0.0272307693137277
0.024781978109590153
0.021114560247275982
0.02188570028400294
0.02188570028400294
0.022779278917193668
0.02322585239763164
0.022779278917193668
0.02375061056622485
0.02466501847998348
0.024665018479982148
0.02375061056622796
0.024713130817300755
0.0261038426357878
0.026573359746330905
0.026103842635786467
0.02471313081730253
0.02552112188512412
0.027364941372745477
0.028303809354459197
0.02830380935445964
0.027364941372745477
0.025521121885150322
0.025962853737023117
0.02818124138458389
0.029542948751924758
0.030002058670037357
0.029542948751924758
0.028181241384583444
0.025962853737023117
0.025786960217068167
0.0282284619095301
0.029899155505010544
0.030747719390316064
0.030747719390314288
0.029899155505012764
0.028228461909531877
0.025786960217068167
0.024781978109589264
0.0272307693137237
0.02902926071016987
0.03012864343690369
0.030498542789425986
0.03012864343690458
0.029029260710170757
0.0272307693137277
0.024781978109590153
