0.0066285042453344545
0.011693677417368598
0.011693677417368598
0.015310053544395075
0.014607460261838234
0.015310053544473234
0.019428136867585266
0.019201409727554353
0.01920140972755302
0.019428136867581713
0.023299907492652316
0.024159972176153843
0.025405464244373732
0.024159972176153843
0.023299907492652316
0.025734102974894313
0.02823470093286984
0.03161461544602506
0.03161461544602462
0.02823470093286984
0.025734102974894313
0.025734102974887207
0.029847150866769034
0.03570216330898912
0.0380759803527595
0.03570216330900422
0.029847150866769034
0.025734102974887207
0.02329990749265587
0.028234700932876944
0.03570216330900422
0.040713992331101956
0.04071399233110373
0.03570216330900511
0.02823470093286984
0.023299907492651428
0.019428136867584378
0.02415997217615473
0.03161461544602062
0.038075980352761274
0.04071399233110551
0.03807598035276172
0.031614615446024175
0.0241599721761534
0.019428136867584378
0.015310053544391522
0.019201409727584107
0.025405464244371956
0.03161461544602595
0.03570216330900555
0.035702163309006885
0.03161461544602373
0.025405464244373732
0.019201409727584995
0.015310053544391522
0.011693677417365045
0.014607460261839567
0.01920140972755391
0.024159972176153843
0.028234700932872503
0.029847150866764594
0.02823470093287117
0.0241599721761796
0.01920140972758455
0.014607460261838678
0.011693677417365045
0.0066285042453344545
0.011693677417365045
0.01531005354447057
0.019428136867580825
0.023299907492652316
0.025734102974896977
0.025734102974889872
0.023299907492652316
0.019428136867584378
0.015310053544394187
0.011693677417365045
0.0066285042453344545
0.011693677417368598
0.014607460261838234
0.015310053544473234
0.019201409727554353
0.01920140972755302
0.019428136867581713
0.024159972176153843
0.025405464244373732
0.024159972176153843
0.023299907492652316
0.02823470093286984
0.03161461544602506
0.03161461544602462
0.02823470093286984
0.025734102974894313
0.029847150866769034
0.03570216330898912
0.0380759803527595
0.03570216330900422
0.029847150866769034
0.025734102974887207
0.028234700932876944
0.03570216330900422
0.040713992331101956
0.04071399233110373
0.03570216330900511
0.02823470093286984
0.023299907492651428
0.02415997217615473
0.03161461544602062
0.038075980352761274
0.04071399233110551
0.03807598035276172
0.031614615446024175
0.0241599721761534
0.019428136867584378
0.019201409727584107
0.025405464244371956
0.03161461544602595
0.03570216330900555
0.035702163309006885
0.03161461544602373
0.025405464244373732
0.019201409727584995
0.015310053544391522
0.014607460261839567
0.01920140972755391
0.024159972176153843
0.028234700932872503
0.029847150866764594
0.02823470093287117
0.0241599721761796
0.01920140972758455
0.014607460261838678
0.011693677417365045
0.011693677417365045
0.01531005354447057
0.019428136867580825
0.023299907492652316
0.025734102974896977
0.025734102974889872
0.023299907492652316
0.019428136867584378
0.015310053544394187
0.011693677417365045
0.0066285042453344545
0.011693677417368598
0.015310053544395075
0.014607460261838234
0.019428136867585266
0.019201409727554353
0.01920140972755302
0.023299907492652316
0.024159972176153843
0.025405464244373732
0.024159972176153843
0.025734102974894313
0.02823470093286984
0.03161461544602506
0.03161461544602462
0.02823470093286984
0.025734102974887207
0.029847150866769034
0.03570216330898912
0.0380759803527595
0.03570216330900422
0.029847150866769034
0.02329990749265587
0.028234700932876944
0.03570216330900422
0.040713992331101956
0.04071399233110373
0.03570216330900511
0.02823470093286984
0.019428136867584378
0.02415997217615473
0.03161461544602062
0.038075980352761274
0.04071399233110551
0.03807598035276172
0.031614615446024175
0.0241599721761534
0.015310053544391522
0.019201409727584107
0.025405464244371956
0.03161461544602595
0.03570216330900555
0.035702163309006885
0.03161461544602373
0.025405464244373732
0.019201409727584995
0.011693677417365045
0.014607460261839567
0.01920140972755391
0.024159972176153843
0.028234700932872503
0.029847150866764594
0.02823470093287117
0.0241599721761796
0.01920140972758455
0.014607460261838678
0.0066285042453344545
0.011693677417365045
0.01531005354447057
0.019428136867580825
0.023299907492652316
0.025734102974896977
0.025734102974889872
0.023299907492652316
0.019428136867584378
0.015310053544394187
0.011693677417365045
0.014607460261838234
0.019201409727554353
0.01920140972755302
0.024159972176153843
0.025405464244373732
0.024159972176153843
0.02823470093286984
0.03161461544602506
0.03161461544602462
0.02823470093286984
0.029847150866769034
0.03570216330898912
0.0380759803527595
0.03570216330900422
0.029847150866769034
0.028234700932876944
0.03570216330900422
0.040713992331101956
0.04071399233110373
0.03570216330900511
0.02823470093286984
0.02415997217615473
0.03161461544602062
0.038075980352761274
0.04071399233110551
0.03807598035276172
0.031614615446024175
0.0241599721761534
0.019201409727584107
0.025405464244371956
0.03161461544602595
0.03570216330900555
0.035702163309006885
0.03161461544602373
0.025405464244373732
0.019201409727584995
0.014607460261839567
0.01920140972755391
0.024159972176153843
0.028234700932872503
0.029847150866764594
0.02823470093287117
0.0241599721761796
0.01920140972758455
0.014607460261838678
0.011693677417365045
0.01531005354447057
0.019428136867580825
0.023299907492652316
0.025734102974896977
0.025734102974889872
0.023299907492652316
0.019428136867584378
0.015310053544394187
0.011693677417365045
0.0066285042453344545
0.011693677417368598
0.011693677417368598
0.015310053544395075
0.014607460261838234
0.015310053544473234
0.019428136867585266
0.019201409727554353
0.01920140972755302
0.019428136867581713
0.023299907492652316
0.024159972176153843
0.025405464244373732
0.024159972176153843
0.023299907492652316
0.025734102974894313
0.02823470093286984
0.03161461544602506
0.03161461544602462
0.02823470093286984
0.025734102974894313
0.025734102974887207
0.029847150866769034
0.03570216330898912
0.0380759803527595
0.03570216330900422
0.029847150866769034
0.025734102974887207
0.02329990749265587
0.028234700932876944
0.03570216330900422
0.040713992331101956
0.04071399233110373
0.03570216330900511
0.02823470093286984
0.023299907492651428
0.019428136867584378
0.02415997217615473
0.03161461544602062
0.038075980352761274
0.04071399233110551
0.03807598035276172
0.031614615446024175
0.0241599721761534
0.019428136867584378
0.015310053544391522
0.019201409727584107
0.025405464244371956
0.03161461544602595
0.03570216330900555
0.035702163309006885
0.03161461544602373
0.025405464244373732
0.019201409727584995
0.015310053544391522
0.011693677417365045
0.014607460261839567
0.01920140972755391
0.024159972176153843
0.028234700932872503
0.029847150866764594
0.02823470093287117
0.0241599721761796
0.01920140972758455
0.014607460261838678
0.011693677417365045
0.011693677417368598
0.014607460261838234
0.015310053544473234
0.019201409727554353
0.01920140972755302
0.019428136867581713
0.024159972176153843
0.025405464244373732
0.024159972176153843
0.023299907492652316
0.02823470093286984
0.03161461544602506
0.03161461544602462
0.02823470093286984
0.025734102974894313
0.029847150866769034
0.03570216330898912
0.0380759803527595
0.03570216330900422
0.029847150866769034
0.025734102974887207
0.028234700932876944
0.03570216330900422
0.040713992331101956
0.04071399233110373
0.03570216330900511
0.02823470093286984
0.023299907492651428
0.02415997217615473
0.03161461544602062
0.038075980352761274
0.04071399233110551
0.03807598035276172
0.031614615446024175
0.0241599721761534
0.019428136867584378
0.019201409727584107
0.025405464244371956
0.03161461544602595
0.03570216330900555
0.035702163309006885
0.03161461544602373
0.025405464244373732
0.019201409727584995
0.015310053544391522
0.014607460261839567
0.01920140972755391
0.024159972176153843
0.028234700932872503
0.029847150866764594
0.02823470093287117
0.0241599721761796
0.01920140972758455
0.014607460261838678
0.011693677417365045
0.011693677417368598
0.015310053544395075
0.014607460261838234
0.019428136867585266
0.019201409727554353
0.01920140972755302
0.023299907492652316
0.024159972176153843
0.025405464244373732
0.024159972176153843
0.025734102974894313
0.02823470093286984
0.03161461544602506
0.03161461544602462
0.02823470093286984
0.025734102974887207
0.029847150866769034
0.03570216330898912
0.0380759803527595
0.03570216330900422
0.029847150866769034
0.02329990749265587
0.028234700932876944
0.03570216330900422
0.040713992331101956
0.04071399233110373
0.03570216330900511
0.02823470093286984
0.019428136867584378
0.02415997217615473
0.03161461544602062
0.038075980352761274
0.04071399233110551
0.03807598035276172
0.031614615446024175
0.0241599721761534
0.015310053544391522
0.019201409727584107
0.025405464244371956
0.03161461544602595
0.03570216330900555
0.035702163309006885
0.03161461544602373
0.025405464244373732
0.019201409727584995
0.011693677417365045
0.014607460261839567
0.01920140972755391
0.024159972176153843
0.028234700932872503
0.029847150866764594
0.02823470093287117
0.0241599721761796
0.01920140972758455
0.014607460261838678
0.014607460261838234
0.019201409727554353
0.01920140972755302
0.024159972176153843
0.025405464244373732
0.024159972176153843
0.02823470093286984
0.03161461544602506
0.03161461544602462
0.02823470093286984
0.029847150866769034
0.03570216330898912
0.0380759803527595
0.03570216330900422
0.029847150866769034
0.028234700932876944
0.03570216330900422
0.040713992331101956
0.04071399233110373
0.03570216330900511
0.02823470093286984
0.02415997217615473
0.03161461544602062
0.038075980352761274
0.04071399233110551
0.03807598035276172
0.031614615446024175
0.0241599721761534
0.019201409727584107
0.025405464244371956
0.03161461544602595
0.03570216330900555
0.035702163309006885
0.03161461544602373
0.025405464244373732
0.019201409727584995
0.014607460261839567
0.01920140972755391
0.024159972176153843
0.028234700932872503
0.029847150866764594
0.02823470093287117
0.0241599721761796
0.01920140972758455
0.014607460261838678
