0.008033688604902167
0.009693054693334702
0.009671832467486041
0.009737161840129183
0.009751719658824598
0.009715511494820195
0.009790514162270725
0.009847060113902462
0.009846558345123935
0.009768209691298324
0.009849723514338216
0.009949065630257437
0.010016018023751627
0.009947713210415543
0.009826555036956286
0.009909906110257438
0.010052911473781734
0.010186703457348845
0.0101858438656377
0.01005034436523733
0.009885688227243783
0.009964469343517912
0.010151904867148787
0.01035106116299156
0.010417040815574818
0.010348966078759236
0.01014774242281824
0.009939051708524715
0.010004920439198095
0.01023723395422449
0.010499018155951667
0.010630132444409579
0.010628885759753626
0.010495294111704911
0.010231080311606355
0.00997820030569363
0.010020785316132041
0.010297815710536007
0.010617772507240275
0.010810763860515937
0.010874392240719732
0.010807866081173678
0.010612012798600912
0.01028926518669282
0.009992720953789558
0.009999756280982375
0.01032037589832413
0.010691869249705999
0.010941448991517166
0.01106615061516436
0.011064489825594048
0.010936486296251768
0.010683663355727457
0.01030902361371222
0.00997037897174513
0.00992821271278288
0.01028992667989348
0.010703770874520568
0.011002205342139693
0.011181868828847641
0.011240732126791109
0.01117812938951701
0.010994768495253382
0.010692720034922054
0.01027538537081396
0.009897633777457227
0.008033688604901279
0.00985668862659228
0.010109137406720148
0.010310509841577886
0.010457205490534527
0.010545516146566847
0.010571539896153226
0.010531095668788737
0.010419681113114088
0.010232531960848945
0.009964854314525873
0.008033688604901279
0.009671832467486041
0.009751719658824598
0.009715511494820195
0.009847060113902462
0.009846558345123935
0.009768209691298324
0.009949065630257437
0.010016018023751627
0.009947713210415543
0.009826555036956286
0.010052911473781734
0.010186703457348845
0.0101858438656377
0.01005034436523733
0.009885688227243783
0.010151904867148787
0.01035106116299156
0.010417040815574818
0.010348966078759236
0.01014774242281824
0.009939051708524715
0.01023723395422449
0.010499018155951667
0.010630132444409579
0.010628885759753626
0.010495294111704911
0.010231080311606355
0.009978200305694518
0.010297815710536007
0.010617772507240275
0.010810763860515937
0.010874392240719732
0.010807866081173678
0.010612012798600912
0.01028926518669282
0.009992720953789558
0.01032037589832413
0.010691869249705999
0.010941448991517166
0.01106615061516436
0.011064489825594048
0.010936486296251768
0.010683663355727457
0.01030902361371222
0.00997037897174513
0.01028992667989348
0.010703770874520568
0.011002205342139693
0.011181868828847641
0.011240732126791109
0.01117812938951701
0.010994768495253382
0.010692720034922054
0.01027538537081396
0.009897633777457227
0.00985668862659228
0.010109137406720148
0.010310509841577886
0.010457205490534527
0.010545516146566847
0.010571539896153226
0.010531095668789625
0.010419681113114088
0.010232531960848945
0.009964854314525873
0.008033688604902167
0.009661250660788934
0.009661250660788934
0.0097055261688892
0.009731221637975018
0.0097055261688892
0.009759158535688872
0.009827829313084013
0.009827829313084013
0.009759158535688872
0.0098188031451234
0.00993150571110002
0.00999950605487765
0.009931505711100908
0.0098188031451234
0.00987963274035808
0.01003748734210319
0.01017295087585568
0.010172950875856124
0.010037487342108076
0.009879632740359856
0.009935121910070954
0.010139143119506144
0.010340692599068557
0.010408177195042612
0.010340692599063228
0.0101391431195057
0.009935121910071398
0.009976850662178904
0.010227711633596925
0.010492724419478794
0.010626097498009024
0.010626097498009024
0.010492724419478794
0.010227711633596925
0.009976850662178904
0.009994414127866058
0.01029213173185628
0.010616272556250195
0.01081239536441192
0.010878044048840962
0.010812395364411476
0.010616272556250195
0.010292131731857168
0.009994414127867834
0.009975556071343483
0.010319099648893992
0.010695843187405352
0.01094954232679779
0.011077157867421583
0.011077157867420251
0.01094954232679779
0.010695843187467524
0.010319099648893992
0.009975556071343039
0.009906670726581357
0.010293521065282807
0.010713760561344099
0.011017393362261707
0.011200968599786698
0.011262394037869328
0.011200968599787142
0.011017393362255934
0.010713760561344099
0.010293521065348976
0.009906670726581801
0.008033688604903055
0.010066679727569472
0.010535197799983465
0.010891233240250209
0.011130823440782756
0.011251292660962697
0.011251292660962697
0.011130823440782756
0.010891233240250209
0.010535197799983465
0.010066679727695593
0.008033688604902167
0.00970925255922328
0.009803985946669869
0.009803985946672977
0.009905320768049286
0.009972520275161934
0.009905320768050618
0.010008499821516192
0.010142313816581705
0.01014231381658437
0.010008499821515304
0.010106921430433236
0.010305921026119158
0.010372549094208594
0.010305921026123599
0.010106921430430571
0.010191889729986414
0.010453406243925656
0.01058501170471482
0.010585011704717928
0.010453406243923435
0.01019188972998819
0.010252460334970959
0.010572131398098428
0.010765534266091059
0.010830269912155188
0.010765534266093724
0.010572131398091766
0.010252460334970515
0.010275511829534345
0.010646821127124895
0.010896836395172027
0.011022591522124259
0.011022591522119818
0.010896836395168474
0.01064682112712445
0.010275511829533013
0.010246206083191378
0.010660111317309706
0.010959133440462399
0.01113990741262283
0.011200393247744245
0.01113990741262727
0.010959133440458846
0.010660111317309262
0.010246206083191378
0.009845827528841333
0.010098889145294887
0.010301339075531768
0.010449572921203298
0.010539869212486952
0.010568299002299053
0.010530634791644733
0.010422302183781706
0.010238433791825763
0.009974099301100825
0.008033688604902167
0.009661250660788934
0.009661250660788934
0.0097055261688892
0.009731221637975018
0.0097055261688892
0.009759158535688872
0.009827829313084013
0.009827829313084013
0.009759158535688872
0.0098188031451234
0.00993150571110002
0.00999950605487765
0.009931505711100908
0.0098188031451234
0.00987963274035808
0.01003748734210319
0.01017295087585568
0.010172950875856124
0.010037487342108076
0.009879632740359856
0.009935121910071398
0.010139143119506144
0.010340692599068557
0.010408177195042612
0.010340692599063228
0.0101391431195057
0.009935121910070954
0.009976850662178904
0.010227711633596925
0.010492724419478794
0.010626097498009024
0.010626097498009024
0.010492724419478794
0.010227711633596925
0.009976850662178904
0.00999441412786739
0.01029213173185628
0.010616272556250195
0.01081239536441192
0.010878044048840962
0.010812395364411476
0.010616272556250195
0.010292131731857168
0.009994414127866502
0.009975556071342595
0.010319099648893992
0.010695843187405352
0.01094954232679779
0.011077157867421583
0.011077157867420251
0.01094954232679779
0.010695843187467524
0.010319099648893992
0.009975556071343927
0.009906670726581357
0.010293521065282807
0.010713760561344099
0.011017393362261707
0.011200968599786698
0.011262394037869328
0.011200968599787142
0.011017393362255934
0.010713760561344099
0.010293521065348976
0.009906670726581801
0.009671832467486041
0.009715511494820195
0.009709252559224613
0.009768209691298324
0.009803985946669869
0.009803985946672977
0.009826555036956286
0.009905320768051062
0.009972520275162378
0.009905320768051507
0.009885688227243783
0.010008499821515748
0.01014231381658437
0.010142313816581705
0.01000849982151486
0.009939051708524715
0.010106921430431903
0.010305921026129372
0.010372549094208594
0.010305921026119602
0.010106921430430571
0.00997820030569363
0.01019188972998597
0.010453406243923435
0.010585011704716152
0.010585011704715264
0.010453406243924768
0.010191889729986858
0.009992720953789558
0.010252460334970515
0.010572131398091766
0.010765534266093724
0.010830269912155188
0.010765534266091059
0.010572131398096207
0.01025246033497007
0.00997037897174513
0.010275511829532569
0.010646821127124007
0.010896836395167586
0.011022591522119818
0.011022591522124259
0.010896836395172027
0.01064682112712445
0.01027551182952946
0.009897633777457227
0.010246206083253995
0.010660111317309706
0.010959133440458846
0.011139907412626382
0.0112003932477438
0.01113990741262283
0.010959133440516577
0.010660111317308818
0.010246206083187381
0.008033688604901279
0.009974099301100825
0.0102384337918906
0.010422302183781706
0.010530634791645177
0.0105682990022955
0.01053986921248562
0.010449572921203742
0.010301339075532212
0.010098889145287337
0.009845827528841333
0.009671832467486041
0.00970925255922328
0.009715511494820195
0.009803985946669869
0.009803985946672977
0.009768209691298324
0.009905320768049286
0.009972520275161934
0.009905320768050618
0.009826555036956286
0.010008499821516192
0.010142313816581705
0.01014231381658437
0.010008499821515304
0.009885688227243783
0.010106921430433236
0.010305921026119158
0.010372549094208594
0.010305921026123599
0.010106921430430571
0.009939051708524715
0.010191889729986414
0.010453406243925656
0.01058501170471482
0.010585011704717928
0.010453406243923435
0.01019188972998819
0.009978200305694518
0.010252460334970959
0.010572131398098428
0.010765534266091059
0.010830269912155188
0.010765534266093724
0.010572131398091766
0.010252460334970515
0.009992720953789558
0.010275511829534345
0.010646821127124895
0.010896836395172027
0.011022591522124259
0.011022591522119818
0.010896836395168474
0.01064682112712445
0.010275511829533013
0.00997037897174513
0.010246206083191378
0.010660111317309706
0.010959133440462399
0.01113990741262283
0.011200393247744245
0.01113990741262727
0.010959133440458846
0.010660111317309262
0.010246206083191378
0.009897633777457227
0.009845827528841333
0.010098889145294887
0.010301339075531768
0.010449572921203298
0.010539869212486952
0.010568299002299053
0.010530634791644733
0.010422302183781706
0.010238433791825763
0.009974099301100825
0.008033688604902167
0.009693054693334702
0.009737161840129183
0.009751719658824598
0.009790514162270725
0.009847060113902462
0.009846558345123935
0.009849723514338216
0.009949065630257437
0.010016018023751627
0.009947713210415543
0.009909906110257438
0.010052911473781734
0.010186703457348845
0.0101858438656377
0.01005034436523733
0.009964469343517912
0.010151904867148787
0.01035106116299156
0.010417040815574818
0.010348966078759236
0.01014774242281824
0.010004920439198095
0.01023723395422449
0.010499018155951667
0.010630132444409579
0.010628885759753626
0.010495294111704911
0.010231080311606355
0.010020785316132041
0.010297815710536007
0.010617772507240275
0.010810763860515937
0.010874392240719732
0.010807866081173678
0.010612012798600912
0.01028926518669282
0.009999756280982375
0.01032037589832413
0.010691869249705999
0.010941448991517166
0.01106615061516436
0.011064489825594048
0.010936486296251768
0.010683663355727457
0.01030902361371222
0.00992821271278288
0.01028992667989348
0.010703770874520568
0.011002205342139693
0.011181868828847641
0.011240732126791109
0.01117812938951701
0.010994768495253382
0.010692720034922054
0.01027538537081396
0.008033688604901279
0.00985668862659228
0.010109137406720148
0.010310509841577886
0.010457205490534527
0.010545516146566847
0.010571539896153226
0.010531095668789625
0.010419681113114088
0.010232531960848945
0.009964854314525873
0.009751719658824598
0.009847060113902462
0.009846558345123935
0.009949065630257437
0.010016018023751627
0.009947713210415543
0.010052911473781734
0.010186703457348845
0.0101858438656377
0.01005034436523733
0.010151904867148787
0.01035106116299156
0.010417040815574818
0.010348966078759236
0.01014774242281824
0.01023723395422449
0.010499018155951667
0.010630132444409579
0.010628885759753626
0.010495294111704911
0.010231080311606355
0.010297815710536007
0.010617772507240275
0.010810763860515937
0.010874392240719732
0.010807866081173678
0.010612012798600912
0.01028926518669282
0.01032037589832413
0.010691869249705999
0.010941448991517166
0.01106615061516436
0.011064489825594048
0.010936486296251768
0.010683663355727457
0.01030902361371222
0.01028992667989348
0.010703770874520568
0.011002205342139693
0.011181868828847641
0.011240732126791109
0.01117812938951701
0.010994768495253382
0.010692720034922054
0.01027538537081396
0.00985668862659228
0.010109137406720148
0.010310509841577886
0.010457205490534527
0.010545516146566847
0.010571539896153226
0.010531095668789625
0.010419681113114088
0.010232531960848945
0.009964854314525873
0.009856409335539329
0.009879867210451643
0.010108874471227658
0.009751719658825042
0.010136179820056324
0.010310390231206945
0.00984655834512349
0.009847060113902906
0.010340873701262243
0.010457324812969127
0.009947713210415987
0.010016018023751183
0.009949065630257437
0.010490273477560041
0.010545924699372655
0.010050344365238661
0.010185843865638589
0.010186703457348845
0.010052911473782178
0.010580599385610068
0.010572228800748373
0.01014774242281824
0.010348966078765454
0.010417040815572154
0.010351061162990671
0.010151904867148343
0.010607881002240305
0.010531984435156794
0.010231080311600582
0.010495294111704023
0.01062888575975851
0.010630132444413132
0.010499018155952555
0.010237233954218716
0.010567871939990425
0.010420609009705206
0.010289265186694596
0.010612012798602688
0.010807866081175455
0.010874392240719288
0.010810763860515493
0.010617772507235834
0.010297815710536007
0.010456009278191125
0.010233256692228299
0.010309023613714441
0.010683663355729234
0.010936486296253545
0.011064489825597157
0.011066150615165693
0.01094144899151761
0.010691869249705555
0.010320375898323242
0.010267477040482476
0.009965062352041087
0.01027538537081396
0.01069272003492383
0.010994768495256046
0.011178129389513458
0.011240732126782671
0.011181868828849417
0.011002205342140137
0.010703770874520124
0.010289926679896144
0.009997446220237904
0.008033688604903055
0.010032282889110178
0.010495409681336554
0.010847569169030624
0.011084879798252789
0.011204716988376884
0.011205752618696163
0.011087975266615313
0.010852690381418117
0.01050250038312539
0.010041265494643792
0.009661250660788934
0.0097055261688892
0.00970925255922328
0.009759158535688872
0.009803985946669869
0.009803985946672977
0.0098188031451234
0.009905320768049286
0.009972520275161934
0.009905320768050618
0.00987963274035808
0.010008499821516192
0.010142313816581705
0.01014231381658437
0.010008499821515304
0.009935121910071398
0.010106921430433236
0.010305921026119158
0.010372549094208594
0.010305921026123599
0.010106921430430571
0.009976850662178904
0.010191889729986414
0.010453406243925656
0.01058501170471482
0.010585011704717928
0.010453406243923435
0.01019188972998819
0.00999441412786739
0.010252460334970959
0.010572131398098428
0.010765534266091059
0.010830269912155188
0.010765534266093724
0.010572131398091766
0.010252460334970515
0.009975556071342595
0.010275511829534345
0.010646821127124895
0.010896836395172027
0.011022591522124259
0.011022591522119818
0.010896836395168474
0.01064682112712445
0.010275511829533013
0.009906670726581357
0.010246206083191378
0.010660111317309706
0.010959133440462399
0.01113990741262283
0.011200393247744245
0.01113990741262727
0.010959133440458846
0.010660111317309262
0.010246206083191378
0.009661250660788934
0.009731221637975018
0.0097055261688892
0.009827829313084013
0.009827829313084013
0.009759158535688872
0.00993150571110002
0.00999950605487765
0.009931505711100908
0.0098188031451234
0.01003748734210319
0.01017295087585568
0.010172950875856124
0.010037487342108076
0.009879632740359856
0.010139143119506144
0.010340692599068557
0.010408177195042612
0.010340692599063228
0.0101391431195057
0.009935121910071398
0.010227711633596925
0.010492724419478794
0.010626097498009024
0.010626097498009024
0.010492724419478794
0.010227711633596925
0.009976850662178904
0.01029213173185628
0.010616272556250195
0.01081239536441192
0.010878044048840962
0.010812395364411476
0.010616272556250195
0.010292131731857168
0.009994414127867834
0.010319099648893992
0.010695843187405352
0.01094954232679779
0.011077157867421583
0.011077157867420251
0.01094954232679779
0.010695843187467524
0.010319099648893992
0.009975556071343039
0.010293521065282807
0.010713760561344099
0.011017393362261707
0.011200968599786698
0.011262394037869328
0.011200968599787142
0.011017393362255934
0.010713760561344099
0.010293521065348976
0.009906670726581801
0.010066679727569472
0.010535197799983465
0.010891233240250209
0.011130823440782756
0.011251292660962697
0.011251292660962697
0.011130823440782756
0.010891233240250209
0.010535197799983465
0.010066679727695593
0.008033688604902167
0.00970925255922328
0.009803985946669869
0.009803985946672977
0.009905320768049286
0.009972520275161934
0.009905320768050618
0.010008499821516192
0.010142313816581705
0.01014231381658437
0.010008499821515304
0.010106921430433236
0.010305921026119158
0.010372549094208594
0.010305921026123599
0.010106921430430571
0.010191889729986414
0.010453406243925656
0.01058501170471482
0.010585011704717928
0.010453406243923435
0.01019188972998819
0.010252460334970959
0.010572131398098428
0.010765534266091059
0.010830269912155188
0.010765534266093724
0.010572131398091766
0.010252460334970515
0.010275511829534345
0.010646821127124895
0.010896836395172027
0.011022591522124259
0.011022591522119818
0.010896836395168474
0.01064682112712445
0.010275511829533013
0.010246206083191378
0.010660111317309706
0.010959133440462399
0.01113990741262283
0.011200393247744245
0.01113990741262727
0.010959133440458846
0.010660111317309262
0.010246206083191378
0.009845827528841333
0.010098889145294887
0.010301339075531768
0.010449572921203298
0.010539869212486952
0.010568299002299053
0.010530634791644733
0.010422302183781706
0.010238433791825763
0.009974099301100825
0.009845827528841333
0.009731221637975018
0.010098889145294887
0.009827829313084457
0.009827829313084457
0.010301339075531768
0.009931505711108457
0.009999506054881202
0.009931505711108013
0.010449572921203742
0.010037487342109408
0.0101729508758579
0.010172950875858344
0.010037487342105855
0.01053986921248784
0.01013914311950792
0.010340692599066337
0.010408177195041723
0.010340692599063228
0.01013914311950126
0.010568299002298609
0.010227711633598702
0.010492724419477906
0.010626097498009468
0.010626097498009468
0.010492724419477018
0.010227711633599146
0.010530634791644733
0.010292131731855392
0.010616272556250195
0.01081239536441192
0.010878044048840962
0.010812395364411476
0.010616272556250639
0.010292131731857168
0.010422302183781706
0.010319099648895325
0.010695843187405352
0.01094954232679779
0.011077157867421583
0.011077157867420251
0.010949542326796902
0.010695843187467524
0.010319099648894436
0.01023843379182443
0.010293521065283695
0.010713760561344099
0.01101739336225549
0.011200968599786698
0.011262394037869328
0.011200968599787142
0.011017393362260375
0.010713760561343655
0.010293521065348532
0.009974099301100825
0.010066679727568584
0.010535197799983465
0.010891233240251097
0.011130823440783644
0.011251292660962697
0.011251292660962697
0.011130823440782756
0.010891233240250209
0.010535197799983465
0.010066679727693817
0.009845827528841333
0.009731221637975018
0.010098889145294887
0.009827829313084457
0.009827829313084457
0.010301339075531768
0.009931505711108457
0.009999506054881202
0.009931505711108013
0.010449572921203742
0.010037487342109408
0.0101729508758579
0.010172950875858344
0.010037487342105855
0.01053986921248784
0.01013914311950792
0.010340692599066337
0.010408177195041723
0.010340692599063228
0.01013914311950126
0.010568299002298609
0.010227711633598702
0.010492724419477906
0.010626097498009468
0.010626097498009468
0.010492724419477018
0.010227711633599146
0.010530634791644733
0.010292131731855392
0.010616272556250195
0.01081239536441192
0.010878044048840962
0.010812395364411476
0.010616272556250639
0.010292131731857168
0.010422302183781706
0.010319099648895325
0.010695843187405352
0.01094954232679779
0.011077157867421583
0.011077157867420251
0.010949542326796902
0.010695843187467524
0.010319099648894436
0.01023843379182443
0.010293521065283695
0.010713760561344099
0.01101739336225549
0.011200968599786698
0.011262394037869328
0.011200968599787142
0.011017393362260375
0.010713760561343655
0.010293521065348532
0.009974099301100825
0.009709252559224613
0.009803985946669869
0.009803985946672977
0.009905320768051062
0.009972520275162378
0.009905320768051507
0.010008499821515748
0.01014231381658437
0.010142313816581705
0.01000849982151486
0.010106921430431903
0.010305921026129372
0.010372549094208594
0.010305921026119602
0.010106921430430571
0.01019188972998597
0.010453406243923435
0.010585011704716152
0.010585011704715264
0.010453406243924768
0.010191889729986858
0.010252460334970515
0.010572131398091766
0.010765534266093724
0.010830269912155188
0.010765534266091059
0.010572131398096207
0.01025246033497007
0.010275511829532569
0.010646821127124007
0.010896836395167586
0.011022591522119818
0.011022591522124259
0.010896836395172027
0.01064682112712445
0.01027551182952946
0.010246206083191378
0.010660111317308818
0.010959133440458846
0.01113990741262727
0.011200393247744245
0.01113990741262283
0.010959133440516577
0.010660111317309262
0.010246206083189158
0.009731221637975018
0.009827829313084457
0.009827829313084457
0.009931505711108457
0.009999506054881202
0.009931505711108013
0.010037487342109408
0.0101729508758579
0.010172950875858344
0.010037487342105855
0.01013914311950792
0.010340692599066337
0.010408177195041723
0.010340692599063228
0.01013914311950126
0.010227711633598702
0.010492724419477906
0.010626097498009468
0.010626097498009468
0.010492724419477018
0.01022771163359959
0.010292131731855392
0.010616272556250195
0.01081239536441192
0.010878044048840962
0.010812395364411476
0.010616272556250639
0.010292131731857168
0.010319099648895325
0.010695843187405352
0.01094954232679779
0.011077157867421583
0.011077157867420251
0.010949542326796902
0.010695843187467524
0.010319099648894436
0.010293521065283695
0.010713760561344099
0.01101739336225549
0.011200968599786698
0.011262394037869328
0.011200968599787142
0.011017393362260375
0.010713760561343655
0.010293521065348532
0.009661250660788934
0.009709252559224613
0.0097055261688892
0.009803985946669869
0.009803985946672977
0.009759158535688872
0.009905320768051062
0.009972520275162378
0.009905320768051507
0.0098188031451234
0.010008499821515748
0.01014231381658437
0.010142313816581705
0.01000849982151486
0.009879632740359856
0.010106921430431903
0.010305921026129372
0.010372549094208594
0.010305921026119602
0.010106921430430571
0.009935121910070954
0.01019188972998597
0.010453406243923435
0.010585011704716152
0.010585011704715264
0.010453406243924768
0.010191889729986858
0.009976850662178904
0.010252460334970515
0.010572131398091766
0.010765534266093724
0.010830269912155188
0.010765534266091059
0.010572131398096207
0.01025246033497007
0.009994414127866502
0.010275511829532569
0.010646821127124007
0.010896836395167586
0.011022591522119818
0.011022591522124259
0.010896836395172027
0.01064682112712445
0.01027551182952946
0.009975556071343927
0.010246206083191378
0.010660111317308818
0.010959133440458846
0.01113990741262727
0.011200393247744245
0.01113990741262283
0.010959133440516577
0.010660111317309262
0.010246206083189158
0.009906670726581801
0.009661250660788934
0.0097055261688892
0.009731221637975018
0.009759158535688872
0.009827829313084013
0.009827829313084013
0.0098188031451234
0.00993150571110002
0.00999950605487765
0.009931505711100908
0.00987963274035808
0.01003748734210319
0.01017295087585568
0.010172950875856124
0.010037487342108076
0.009935121910071398
0.010139143119506144
0.010340692599068557
0.010408177195042612
0.010340692599063228
0.0101391431195057
0.009976850662178904
0.010227711633596925
0.010492724419478794
0.010626097498009024
0.010626097498009024
0.010492724419478794
0.010227711633596925
0.00999441412786739
0.01029213173185628
0.010616272556250195
0.01081239536441192
0.010878044048840962
0.010812395364411476
0.010616272556250195
0.010292131731857168
0.009975556071342595
0.010319099648893992
0.010695843187405352
0.01094954232679779
0.011077157867421583
0.011077157867420251
0.01094954232679779
0.010695843187467524
0.010319099648893992
0.009906670726581357
0.010293521065282807
0.010713760561344099
0.011017393362261707
0.011200968599786698
0.011262394037869328
0.011200968599787142
0.011017393362255934
0.010713760561344099
0.010293521065348976
0.00970925255922328
0.009803985946669869
0.009803985946672977
0.009905320768049286
0.009972520275161934
0.009905320768050618
0.010008499821516192
0.010142313816581705
0.01014231381658437
0.010008499821515304
0.010106921430433236
0.010305921026119158
0.010372549094208594
0.010305921026123599
0.010106921430430571
0.010191889729986414
0.010453406243925656
0.01058501170471482
0.010585011704717928
0.010453406243923435
0.01019188972998819
0.010252460334970959
0.010572131398098428
0.010765534266091059
0.010830269912155188
0.010765534266093724
0.010572131398091766
0.010252460334970515
0.010275511829534345
0.010646821127124895
0.010896836395172027
0.011022591522124259
0.011022591522119818
0.010896836395168474
0.01064682112712445
0.010275511829533013
0.010246206083189602
0.010660111317309262
0.010959133440462399
0.01113990741262283
0.0112003932477438
0.011139907412626382
0.010959133440458846
0.010660111317309262
0.010246206083190046
