0.009746182340702347
0.014742576221579817
0.014742576221579817
0.014943801465133077
0.014969647704999645
0.014943801465133077
0.015211986219267892
0.015364307657520726
0.01536430765752117
0.015211986219267892
0.015539354304254793
0.015826333225809286
0.016051199836286223
0.015826333225809286
0.015539354304254793
0.015911562082441932
0.016343617053360848
0.0168028214771212
0.0168028214771212
0.016343617053360848
0.015911562082441932
0.016304356579241563
0.016893206563982854
0.017594540294029848
0.017830495486986564
0.017594540294029848
0.01689320656398241
0.016304356579240675
0.016679457791691554
0.017436259470512194
0.01838159561512054
0.018860668744780984
0.018860668744780984
0.01838159561512187
0.01743625947050731
0.016679457791691554
0.016980711458182363
0.01791279491555864
0.019091932906557307
0.01981170230395435
0.020053697097822898
0.019811702303954792
0.019091932906557307
0.017912794915559083
0.016980711458185027
0.017133048703867892
0.018238938599724364
0.019622066017511486
0.02056316623597043
0.021039509055865935
0.02103950905586638
0.020563166235969543
0.01962206601751193
0.018238938599725252
0.01713304870386967
0.017048476835842763
0.018311633423421014
0.01984264475187736
0.020961546044532486
0.021643206416960492
0.021872166170226137
0.021643206416958716
0.020961546044531598
0.01984264475187736
0.018311633423422347
0.017048476835842763
0.016643219402181053
0.018026495653080676
0.019621559480802908
0.020847523367553134
0.021679263088351775
0.022099525167227352
0.022099525167227352
0.021679263088351775
0.020847523367552245
0.019621559480803796
0.018026495653080676
0.016643219402181053
0.015865061186320695
0.01730962295229377
0.018865910231869787
0.02010712333021214
0.0210105664432092
0.02155949035122884
0.021743619626071187
0.02155949035122573
0.0210105664432092
0.020107123330211252
0.0188659102318689
0.017309622952293324
0.015865061186320695
0.009746182340698795
0.01613086205541503
0.017717673620625263
0.019021623129867216
0.02002020289129014
0.020695924559836598
0.02103682393060602
0.021036823930604243
0.020695924559839263
0.020020202891291916
0.019021623129867216
0.017717673620625263
0.01613086205541503
0.009746182340698795
0.014742576221579817
0.014969647704999645
0.014943801465133077
0.015364307657520726
0.01536430765752117
0.015211986219267892
0.015826333225809286
0.016051199836286223
0.015826333225809286
0.015539354304254793
0.016343617053360848
0.0168028214771212
0.0168028214771212
0.016343617053360848
0.015911562082441932
0.016893206563982854
0.017594540294029848
0.017830495486986564
0.017594540294029848
0.01689320656398241
0.016304356579240675
0.017436259470512194
0.01838159561512054
0.018860668744780984
0.018860668744780984
0.01838159561512187
0.01743625947050731
0.016679457791691554
0.01791279491555864
0.019091932906557307
0.01981170230395435
0.020053697097822898
0.019811702303954792
0.019091932906557307
0.017912794915559083
0.016980711458185027
0.018238938599724364
0.019622066017511486
0.02056316623597043
0.021039509055865935
0.02103950905586638
0.020563166235969543
0.01962206601751193
0.018238938599725252
0.01713304870386967
0.018311633423421014
0.01984264475187736
0.020961546044532486
0.021643206416960492
0.021872166170226137
0.021643206416958716
0.020961546044531598
0.01984264475187736
0.018311633423422347
0.017048476835842763
0.018026495653080676
0.019621559480802908
0.020847523367553134
0.021679263088351775
0.022099525167227352
0.022099525167227352
0.021679263088351775
0.020847523367552245
0.019621559480803796
0.018026495653080676
0.016643219402181053
0.01730962295229377
0.018865910231869787
0.02010712333021214
0.0210105664432092
0.02155949035122884
0.021743619626071187
0.02155949035122573
0.0210105664432092
0.020107123330211252
0.0188659102318689
0.017309622952293324
0.015865061186320695
0.01613086205541503
0.017717673620625263
0.019021623129867216
0.02002020289129014
0.020695924559836598
0.02103682393060602
0.021036823930604243
0.020695924559839263
0.020020202891291916
0.019021623129867216
0.017717673620625263
0.01613086205541503
0.009746182340698795
0.014742576221579817
0.014943801465133077
0.014969647704999645
0.015211986219267892
0.015364307657520726
0.01536430765752117
0.015539354304254793
0.015826333225809286
0.016051199836286223
0.015826333225809286
0.015911562082441932
0.016343617053360848
0.0168028214771212
0.0168028214771212
0.016343617053360848
0.016304356579241563
0.016893206563982854
0.017594540294029848
0.017830495486986564
0.017594540294029848
0.01689320656398241
0.016679457791691554
0.017436259470512194
0.01838159561512054
0.018860668744780984
0.018860668744780984
0.01838159561512187
0.01743625947050731
0.016980711458182363
0.01791279491555864
0.019091932906557307
0.01981170230395435
0.020053697097822898
0.019811702303954792
0.019091932906557307
0.017912794915559083
0.017133048703867892
0.018238938599724364
0.019622066017511486
0.02056316623597043
0.021039509055865935
0.02103950905586638
0.020563166235969543
0.01962206601751193
0.018238938599725252
0.017048476835842763
0.018311633423421014
0.01984264475187736
0.020961546044532486
0.021643206416960492
0.021872166170226137
0.021643206416958716
0.020961546044531598
0.01984264475187736
0.018311633423422347
0.016643219402181053
0.018026495653080676
0.019621559480802908
0.020847523367553134
0.021679263088351775
0.022099525167227352
0.022099525167227352
0.021679263088351775
0.020847523367552245
0.019621559480803796
0.018026495653080676
0.015865061186320695
0.01730962295229377
0.018865910231869787
0.02010712333021214
0.0210105664432092
0.02155949035122884
0.021743619626071187
0.02155949035122573
0.0210105664432092
0.020107123330211252
0.0188659102318689
0.017309622952293324
0.009746182340698795
0.01613086205541503
0.017717673620625263
0.019021623129867216
0.02002020289129014
0.020695924559836598
0.02103682393060602
0.021036823930604243
0.020695924559839263
0.020020202891291916
0.019021623129867216
0.017717673620625263
0.01613086205541503
0.014969647704999645
0.015364307657520726
0.01536430765752117
0.015826333225809286
0.016051199836286223
0.015826333225809286
0.016343617053360848
0.0168028214771212
0.0168028214771212
0.016343617053360848
0.016893206563982854
0.017594540294029848
0.017830495486986564
0.017594540294029848
0.01689320656398241
0.017436259470512194
0.01838159561512054
0.018860668744780984
0.018860668744780984
0.01838159561512187
0.01743625947050731
0.01791279491555864
0.019091932906557307
0.01981170230395435
0.020053697097822898
0.019811702303954792
0.019091932906557307
0.017912794915559083
0.018238938599724364
0.019622066017511486
0.02056316623597043
0.021039509055865935
0.02103950905586638
0.020563166235969543
0.01962206601751193
0.018238938599725252
0.018311633423421014
0.01984264475187736
0.020961546044532486
0.021643206416960492
0.021872166170226137
0.021643206416958716
0.020961546044531598
0.01984264475187736
0.018311633423422347
0.018026495653080676
0.019621559480802908
0.020847523367553134
0.021679263088351775
0.022099525167227352
0.022099525167227352
0.021679263088351775
0.020847523367552245
0.019621559480803796
0.018026495653080676
0.01730962295229377
0.018865910231869787
0.02010712333021214
0.0210105664432092
0.02155949035122884
0.021743619626071187
0.02155949035122573
0.0210105664432092
0.020107123330211252
0.0188659102318689
0.017309622952293324
0.01613086205541503
0.017717673620625263
0.019021623129867216
0.02002020289129014
0.020695924559836598
0.02103682393060602
0.021036823930604243
0.020695924559839263
0.020020202891291916
0.019021623129867216
0.017717673620625263
0.01613086205541503
0.009746182340702347
0.014742576221579817
0.014742576221579817
0.014943801465133077
0.014969647704999645
0.014943801465133077
0.015211986219267892
0.015364307657520726
0.01536430765752117
0.015211986219267892
0.015539354304254793
0.015826333225809286
0.016051199836286223
0.015826333225809286
0.015539354304254793
0.015911562082441932
0.016343617053360848
0.0168028214771212
0.0168028214771212
0.016343617053360848
0.015911562082441932
0.016304356579241563
0.016893206563982854
0.017594540294029848
0.017830495486986564
0.017594540294029848
0.01689320656398241
0.016304356579240675
0.016679457791691554
0.017436259470512194
0.01838159561512054
0.018860668744780984
0.018860668744780984
0.01838159561512187
0.01743625947050731
0.016679457791691554
0.016980711458182363
0.01791279491555864
0.019091932906557307
0.01981170230395435
0.020053697097822898
0.019811702303954792
0.019091932906557307
0.017912794915559083
0.016980711458185027
0.017133048703867892
0.018238938599724364
0.019622066017511486
0.02056316623597043
0.021039509055865935
0.02103950905586638
0.020563166235969543
0.01962206601751193
0.018238938599725252
0.01713304870386967
0.017048476835842763
0.018311633423421014
0.01984264475187736
0.020961546044532486
0.021643206416960492
0.021872166170226137
0.021643206416958716
0.020961546044531598
0.01984264475187736
0.018311633423422347
0.017048476835842763
0.016643219402181053
0.018026495653080676
0.019621559480802908
0.020847523367553134
0.021679263088351775
0.022099525167227352
0.022099525167227352
0.021679263088351775
0.020847523367552245
0.019621559480803796
0.018026495653080676
0.016643219402181053
0.015865061186320695
0.01730962295229377
0.018865910231869787
0.02010712333021214
0.0210105664432092
0.02155949035122884
0.021743619626071187
0.02155949035122573
0.0210105664432092
0.020107123330211252
0.0188659102318689
0.017309622952293324
0.015865061186320695
0.014742576221579817
0.014969647704999645
0.014943801465133077
0.015364307657520726
0.01536430765752117
0.015211986219267892
0.015826333225809286
0.016051199836286223
0.015826333225809286
0.015539354304254793
0.016343617053360848
0.0168028214771212
0.0168028214771212
0.016343617053360848
0.015911562082441932
0.016893206563982854
0.017594540294029848
0.017830495486986564
0.017594540294029848
0.01689320656398241
0.016304356579240675
0.017436259470512194
0.01838159561512054
0.018860668744780984
0.018860668744780984
0.01838159561512187
0.01743625947050731
0.016679457791691554
0.01791279491555864
0.019091932906557307
0.01981170230395435
0.020053697097822898
0.019811702303954792
0.019091932906557307
0.017912794915559083
0.016980711458185027
0.018238938599724364
0.019622066017511486
0.02056316623597043
0.021039509055865935
0.02103950905586638
0.020563166235969543
0.01962206601751193
0.018238938599725252
0.01713304870386967
0.018311633423421014
0.01984264475187736
0.020961546044532486
0.021643206416960492
0.021872166170226137
0.021643206416958716
0.020961546044531598
0.01984264475187736
0.018311633423422347
0.017048476835842763
0.018026495653080676
0.019621559480802908
0.020847523367553134
0.021679263088351775
0.022099525167227352
0.022099525167227352
0.021679263088351775
0.020847523367552245
0.019621559480803796
0.018026495653080676
0.016643219402181053
0.01730962295229377
0.018865910231869787
0.02010712333021214
0.0210105664432092
0.02155949035122884
0.021743619626071187
0.02155949035122573
0.0210105664432092
0.020107123330211252
0.0188659102318689
0.017309622952293324
0.015865061186320695
0.014742576221579817
0.014943801465133077
0.014969647704999645
0.015211986219267892
0.015364307657520726
0.01536430765752117
0.015539354304254793
0.015826333225809286
0.016051199836286223
0.015826333225809286
0.015911562082441932
0.016343617053360848
0.0168028214771212
0.0168028214771212
0.016343617053360848
0.016304356579241563
0.016893206563982854
0.017594540294029848
0.017830495486986564
0.017594540294029848
0.01689320656398241
0.016679457791691554
0.017436259470512194
0.01838159561512054
0.018860668744780984
0.018860668744780984
0.01838159561512187
0.01743625947050731
0.016980711458182363
0.01791279491555864
0.019091932906557307
0.01981170230395435
0.020053697097822898
0.019811702303954792
0.019091932906557307
0.017912794915559083
0.017133048703867892
0.018238938599724364
0.019622066017511486
0.02056316623597043
0.021039509055865935
0.02103950905586638
0.020563166235969543
0.01962206601751193
0.018238938599725252
0.017048476835842763
0.018311633423421014
0.01984264475187736
0.020961546044532486
0.021643206416960492
0.021872166170226137
0.021643206416958716
0.020961546044531598
0.01984264475187736
0.018311633423422347
0.016643219402181053
0.018026495653080676
0.019621559480802908
0.020847523367553134
0.021679263088351775
0.022099525167227352
0.022099525167227352
0.021679263088351775
0.020847523367552245
0.019621559480803796
0.018026495653080676
0.015865061186320695
0.01730962295229377
0.018865910231869787
0.02010712333021214
0.0210105664432092
0.02155949035122884
0.021743619626071187
0.02155949035122573
0.0210105664432092
0.020107123330211252
0.0188659102318689
0.017309622952293324
0.014969647704999645
0.015364307657520726
0.01536430765752117
0.015826333225809286
0.016051199836286223
0.015826333225809286
0.016343617053360848
0.0168028214771212
0.0168028214771212
0.016343617053360848
0.016893206563982854
0.017594540294029848
0.017830495486986564
0.017594540294029848
0.01689320656398241
0.017436259470512194
0.01838159561512054
0.018860668744780984
0.018860668744780984
0.01838159561512187
0.01743625947050731
0.01791279491555864
0.019091932906557307
0.01981170230395435
0.020053697097822898
0.019811702303954792
0.019091932906557307
0.017912794915559083
0.018238938599724364
0.019622066017511486
0.02056316623597043
0.021039509055865935
0.02103950905586638
0.020563166235969543
0.01962206601751193
0.018238938599725252
0.018311633423421014
0.01984264475187736
0.020961546044532486
0.021643206416960492
0.021872166170226137
0.021643206416958716
0.020961546044531598
0.01984264475187736
0.018311633423422347
0.018026495653080676
0.019621559480802908
0.020847523367553134
0.021679263088351775
0.022099525167227352
0.022099525167227352
0.021679263088351775
0.020847523367552245
0.019621559480803796
0.018026495653080676
0.01730962295229377
0.018865910231869787
0.02010712333021214
0.0210105664432092
0.02155949035122884
0.021743619626071187
0.02155949035122573
0.0210105664432092
0.020107123330211252
0.0188659102318689
0.017309622952293324
