0.004611187057854238
0.007925683054549992
0.007925683054549992
0.00998176087882463
0.009563636848270107
0.00998176087882463
0.012355772966012424
0.012104288253028006
0.012104288253028006
0.012355772966012424
0.014822050340134396
0.014964025954264937
0.015463447709682221
0.014964025954264937
0.014822050340134396
0.016954359204660818
0.017765114919582103
0.019135677256669315
0.01913567725666976
0.01776511491958299
0.016954359204660818
0.018216795280769915
0.019887349738308746
0.02245916982582541
0.023439379159890805
0.02245916982582452
0.019887349738310522
0.018216795280843634
0.01821679528084008
0.02068864654782754
0.02449137636386922
0.026841283619432055
0.026841283619432943
0.024491376363869666
0.020688646547827094
0.01821679528084008
0.01695435920458621
0.019887349738307858
0.024491376363866557
0.02815708294741137
0.029580792033770287
0.02815708294741004
0.024491376363867445
0.019887349738307414
0.01695435920458621
0.014822050340135284
0.017765114919582548
0.022459169825823633
0.02684128361943605
0.029580792033776504
0.02958079203377606
0.026841283619437384
0.02245916982582452
0.017765114919582548
0.014822050340135284
0.012355772966022194
0.014964025954267157
0.01913567725666665
0.023439379159846396
0.026841283619435163
0.028157082947412704
0.026841283619435163
0.023439379159847284
0.019135677256666206
0.014964025954267157
0.012355772966022194
0.00998176087882463
0.012104288253029338
0.015463447709683109
0.019135677256668426
0.022459169825824077
0.024491376363866557
0.02449137636386789
0.022459169825824965
0.019135677256668426
0.015463447709684441
0.012104288253029338
0.00998176087882463
0.007925683054553545
0.009563636848263002
0.012104288253030226
0.014964025954265825
0.017765114919584768
0.019887349738308302
0.020688646547825762
0.01988734973834516
0.017765114919582103
0.01496402595426538
0.012104288253029782
0.009563636848263002
0.007925683054553545
0.004611187057850685
0.007925683054553545
0.00998176087882463
0.012355772966012424
0.014822050340135284
0.016954359204588876
0.018216795280769027
0.018216795280769027
0.016954359204657266
0.014822050340134396
0.012355772966023082
0.00998176087882463
0.007925683054553545
0.004611187057850685
0.007925683054549992
0.009563636848270107
0.00998176087882463
0.012104288253028006
0.012104288253028006
0.012355772966012424
0.014964025954264937
0.015463447709682221
0.014964025954264937
0.014822050340134396
0.017765114919582103
0.019135677256669315
0.01913567725666976
0.01776511491958299
0.016954359204660818
0.019887349738308746
0.02245916982582541
0.023439379159890805
0.02245916982582452
0.019887349738310522
0.018216795280843634
0.02068864654782754
0.02449137636386922
0.026841283619432055
0.026841283619432943
0.024491376363869666
0.020688646547827094
0.01821679528084008
0.019887349738307858
0.024491376363866557
0.02815708294741137
0.029580792033770287
0.02815708294741004
0.024491376363867445
0.019887349738307414
0.01695435920458621
0.017765114919582548
0.022459169825823633
0.02684128361943605
0.029580792033776504
0.02958079203377606
0.026841283619437384
0.02245916982582452
0.017765114919582548
0.014822050340135284
0.014964025954267157
0.01913567725666665
0.023439379159846396
0.026841283619435163
0.028157082947412704
0.026841283619435163
0.023439379159847284
0.019135677256666206
0.014964025954267157
0.012355772966022194
0.012104288253029338
0.015463447709683109
0.019135677256668426
0.022459169825824077
0.024491376363866557
0.02449137636386789
0.022459169825824965
0.019135677256668426
0.015463447709684441
0.012104288253029338
0.00998176087882463
0.009563636848263002
0.012104288253030226
0.014964025954265825
0.017765114919584768
0.019887349738308302
0.020688646547825762
0.01988734973834516
0.017765114919582103
0.01496402595426538
0.012104288253029782
0.009563636848263002
0.007925683054553545
0.007925683054553545
0.00998176087882463
0.012355772966012424
0.014822050340135284
0.016954359204588876
0.018216795280769027
0.018216795280769027
0.016954359204657266
0.014822050340134396
0.012355772966023082
0.00998176087882463
0.007925683054553545
0.004611187057850685
0.007925683054549992
0.00998176087882463
0.009563636848270107
0.012355772966012424
0.012104288253028006
0.012104288253028006
0.014822050340134396
0.014964025954264937
0.015463447709682221
0.014964025954264937
0.016954359204660818
0.017765114919582103
0.019135677256669315
0.01913567725666976
0.01776511491958299
0.018216795280769915
0.019887349738308746
0.02245916982582541
0.023439379159890805
0.02245916982582452
0.019887349738310522
0.01821679528084008
0.02068864654782754
0.02449137636386922
0.026841283619432055
0.026841283619432943
0.024491376363869666
0.020688646547827094
0.01695435920458621
0.019887349738307858
0.024491376363866557
0.02815708294741137
0.029580792033770287
0.02815708294741004
0.024491376363867445
0.019887349738307414
0.014822050340135284
0.017765114919582548
0.022459169825823633
0.02684128361943605
0.029580792033776504
0.02958079203377606
0.026841283619437384
0.02245916982582452
0.017765114919582548
0.012355772966022194
0.014964025954267157
0.01913567725666665
0.023439379159846396
0.026841283619435163
0.028157082947412704
0.026841283619435163
0.023439379159847284
0.019135677256666206
0.014964025954267157
0.00998176087882463
0.012104288253029338
0.015463447709683109
0.019135677256668426
0.022459169825824077
0.024491376363866557
0.02449137636386789
0.022459169825824965
0.019135677256668426
0.015463447709684441
0.012104288253029338
0.007925683054553545
0.009563636848263002
0.012104288253030226
0.014964025954265825
0.017765114919584768
0.019887349738308302
0.020688646547825762
0.01988734973834516
0.017765114919582103
0.01496402595426538
0.012104288253029782
0.009563636848263002
0.004611187057850685
0.007925683054553545
0.00998176087882463
0.012355772966012424
0.014822050340135284
0.016954359204588876
0.018216795280769027
0.018216795280769027
0.016954359204657266
0.014822050340134396
0.012355772966023082
0.00998176087882463
0.007925683054553545
0.009563636848270107
0.012104288253028006
0.012104288253028006
0.014964025954264937
0.015463447709682221
0.014964025954264937
0.017765114919582103
0.019135677256669315
0.01913567725666976
0.01776511491958299
0.019887349738308746
0.02245916982582541
0.023439379159890805
0.02245916982582452
0.019887349738310522
0.02068864654782754
0.02449137636386922
0.026841283619432055
0.026841283619432943
0.024491376363869666
0.020688646547827094
0.019887349738307858
0.024491376363866557
0.02815708294741137
0.029580792033770287
0.02815708294741004
0.024491376363867445
0.019887349738307414
0.017765114919582548
0.022459169825823633
0.02684128361943605
0.029580792033776504
0.02958079203377606
0.026841283619437384
0.02245916982582452
0.017765114919582548
0.014964025954267157
0.01913567725666665
0.023439379159846396
0.026841283619435163
0.028157082947412704
0.026841283619435163
0.023439379159847284
0.019135677256666206
0.014964025954267157
0.012104288253029338
0.015463447709683109
0.019135677256668426
0.022459169825824077
0.024491376363866557
0.02449137636386789
0.022459169825824965
0.019135677256668426
0.015463447709684441
0.012104288253029338
0.009563636848263002
0.012104288253030226
0.014964025954265825
0.017765114919584768
0.019887349738308302
0.020688646547825762
0.01988734973834516
0.017765114919582103
0.01496402595426538
0.012104288253029782
0.009563636848263002
0.007925683054553545
0.00998176087882463
0.012355772966012424
0.014822050340135284
0.016954359204588876
0.018216795280769027
0.018216795280769027
0.016954359204657266
0.014822050340134396
0.012355772966023082
0.00998176087882463
0.007925683054553545
0.004611187057854238
0.007925683054549992
0.007925683054549992
0.00998176087882463
0.009563636848270107
0.00998176087882463
0.012355772966012424
0.012104288253028006
0.012104288253028006
0.012355772966012424
0.014822050340134396
0.014964025954264937
0.015463447709682221
0.014964025954264937
0.014822050340134396
0.016954359204660818
0.017765114919582103
0.019135677256669315
0.01913567725666976
0.01776511491958299
0.016954359204660818
0.018216795280769915
0.019887349738308746
0.02245916982582541
0.023439379159890805
0.02245916982582452
0.019887349738310522
0.018216795280843634
0.01821679528084008
0.02068864654782754
0.02449137636386922
0.026841283619432055
0.026841283619432943
0.024491376363869666
0.020688646547827094
0.01821679528084008
0.01695435920458621
0.019887349738307858
0.024491376363866557
0.02815708294741137
0.029580792033770287
0.02815708294741004
0.024491376363867445
0.019887349738307414
0.01695435920458621
0.014822050340135284
0.017765114919582548
0.022459169825823633
0.02684128361943605
0.029580792033776504
0.02958079203377606
0.026841283619437384
0.02245916982582452
0.017765114919582548
0.014822050340135284
0.012355772966022194
0.014964025954267157
0.01913567725666665
0.023439379159846396
0.026841283619435163
0.028157082947412704
0.026841283619435163
0.023439379159847284
0.019135677256666206
0.014964025954267157
0.012355772966022194
0.00998176087882463
0.012104288253029338
0.015463447709683109
0.019135677256668426
0.022459169825824077
0.024491376363866557
0.02449137636386789
0.022459169825824965
0.019135677256668426
0.015463447709684441
0.012104288253029338
0.00998176087882463
0.007925683054553545
0.009563636848263002
0.012104288253030226
0.014964025954265825
0.017765114919584768
0.019887349738308302
0.020688646547825762
0.01988734973834516
0.017765114919582103
0.01496402595426538
0.012104288253029782
0.009563636848263002
0.007925683054553545
0.007925683054549992
0.009563636848270107
0.00998176087882463
0.012104288253028006
0.012104288253028006
0.012355772966012424
0.014964025954264937
0.015463447709682221
0.014964025954264937
0.014822050340134396
0.017765114919582103
0.019135677256669315
0.01913567725666976
0.01776511491958299
0.016954359204660818
0.019887349738308746
0.02245916982582541
0.023439379159890805
0.02245916982582452
0.019887349738310522
0.018216795280843634
0.02068864654782754
0.02449137636386922
0.026841283619432055
0.026841283619432943
0.024491376363869666
0.020688646547827094
0.01821679528084008
0.019887349738307858
0.024491376363866557
0.02815708294741137
0.029580792033770287
0.02815708294741004
0.024491376363867445
0.019887349738307414
0.01695435920458621
0.017765114919582548
0.022459169825823633
0.02684128361943605
0.029580792033776504
0.02958079203377606
0.026841283619437384
0.02245916982582452
0.017765114919582548
0.014822050340135284
0.014964025954267157
0.01913567725666665
0.023439379159846396
0.026841283619435163
0.028157082947412704
0.026841283619435163
0.023439379159847284
0.019135677256666206
0.014964025954267157
0.012355772966022194
0.012104288253029338
0.015463447709683109
0.019135677256668426
0.022459169825824077
0.024491376363866557
0.02449137636386789
0.022459169825824965
0.019135677256668426
0.015463447709684441
0.012104288253029338
0.00998176087882463
0.009563636848263002
0.012104288253030226
0.014964025954265825
0.017765114919584768
0.019887349738308302
0.020688646547825762
0.01988734973834516
0.017765114919582103
0.01496402595426538
0.012104288253029782
0.009563636848263002
0.007925683054553545
0.007925683054549992
0.00998176087882463
0.009563636848270107
0.012355772966012424
0.012104288253028006
0.012104288253028006
0.014822050340134396
0.014964025954264937
0.015463447709682221
0.014964025954264937
0.016954359204660818
0.017765114919582103
0.019135677256669315
0.01913567725666976
0.01776511491958299
0.018216795280769915
0.019887349738308746
0.02245916982582541
0.023439379159890805
0.02245916982582452
0.019887349738310522
0.01821679528084008
0.02068864654782754
0.02449137636386922
0.026841283619432055
0.026841283619432943
0.024491376363869666
0.020688646547827094
0.01695435920458621
0.019887349738307858
0.024491376363866557
0.02815708294741137
0.029580792033770287
0.02815708294741004
0.024491376363867445
0.019887349738307414
0.014822050340135284
0.017765114919582548
0.022459169825823633
0.02684128361943605
0.029580792033776504
0.02958079203377606
0.026841283619437384
0.02245916982582452
0.017765114919582548
0.012355772966022194
0.014964025954267157
0.01913567725666665
0.023439379159846396
0.026841283619435163
0.028157082947412704
0.026841283619435163
0.023439379159847284
0.019135677256666206
0.014964025954267157
0.00998176087882463
0.012104288253029338
0.015463447709683109
0.019135677256668426
0.022459169825824077
0.024491376363866557
0.02449137636386789
0.022459169825824965
0.019135677256668426
0.015463447709684441
0.012104288253029338
0.007925683054553545
0.009563636848263002
0.012104288253030226
0.014964025954265825
0.017765114919584768
0.019887349738308302
0.020688646547825762
0.01988734973834516
0.017765114919582103
0.01496402595426538
0.012104288253029782
0.009563636848263002
0.009563636848270107
0.012104288253028006
0.012104288253028006
0.014964025954264937
0.015463447709682221
0.014964025954264937
0.017765114919582103
0.019135677256669315
0.01913567725666976
0.01776511491958299
0.019887349738308746
0.02245916982582541
0.023439379159890805
0.02245916982582452
0.019887349738310522
0.02068864654782754
0.02449137636386922
0.026841283619432055
0.026841283619432943
0.024491376363869666
0.020688646547827094
0.019887349738307858
0.024491376363866557
0.02815708294741137
0.029580792033770287
0.02815708294741004
0.024491376363867445
0.019887349738307414
0.017765114919582548
0.022459169825823633
0.02684128361943605
0.029580792033776504
0.02958079203377606
0.026841283619437384
0.02245916982582452
0.017765114919582548
0.014964025954267157
0.01913567725666665
0.023439379159846396
0.026841283619435163
0.028157082947412704
0.026841283619435163
0.023439379159847284
0.019135677256666206
0.014964025954267157
0.012104288253029338
0.015463447709683109
0.019135677256668426
0.022459169825824077
0.024491376363866557
0.02449137636386789
0.022459169825824965
0.019135677256668426
0.015463447709684441
0.012104288253029338
0.009563636848263002
0.012104288253030226
0.014964025954265825
0.017765114919584768
0.019887349738308302
0.020688646547825762
0.01988734973834516
0.017765114919582103
0.01496402595426538
0.012104288253029782
0.009563636848263002
