0.004079537160261992
0.005248269385582205
0.005239274854307752
0.005875515145433496
0.005748321389933864
0.0058588879075629485
0.006472531817241389
0.006402230135210907
0.006395155269681485
0.006447564819306528
0.006989522771641887
0.0070010457881442
0.007085780541013165
0.006986287622701148
0.006956492109638113
0.007373425993113081
0.007487981716832959
0.007689074566267884
0.007681404924922752
0.007465993830719775
0.007333872387842444
0.007578663859773016
0.0078077198951875815
0.008140154708327518
0.008251163852002197
0.008125406147514891
0.007780224985822759
0.007535354001919625
0.007578663859773016
0.007919350343245313
0.00838237273977116
0.008627452174608141
0.008620481231371713
0.00836245765472432
0.007889168659414914
0.00753514057598359
0.007373425993113081
0.007807719895184917
0.008382372739768496
0.008759226228423511
0.00888702948286424
0.008747300666134272
0.008360216665883602
0.007778195359286144
0.007333260617788273
0.006989522771640999
0.0074879817168267415
0.008140154708327518
0.008627452174607697
0.00888702948286424
0.008882129077124379
0.008613466490476007
0.008118999651947512
0.007462206366447788
0.006955559055444649
0.006472531817235172
0.007001045788137539
0.007689074566263887
0.008251163852001753
0.008620481231371713
0.008747300666133384
0.008613466490475119
0.00823812422225334
0.007671683443076116
0.006981205795953294
0.006446414949241586
0.005875515145433496
0.006402230135210019
0.007085780541005615
0.007681404924924529
0.008125406147516223
0.008362457654726096
0.008360216665883602
0.008118999651947956
0.0076716834429890746
0.007073883977849249
0.006389313630857263
0.0058576289133136505
0.005248269385581317
0.0057483213899329755
0.006395155269682373
0.006986287622702925
0.007465993830720219
0.007780224985818318
0.007889168659419799
0.007778195359286588
0.007462206366447344
0.006981205795953294
0.006389313630857707
0.005742215234587622
0.005237999131961324
0.004079537160261992
0.00523927485430864
0.0058588879075629485
0.006447564819306084
0.006956492109638557
0.007333872387842444
0.007535354001919625
0.007535140575984034
0.007333260617788273
0.006955559055444649
0.0064464149492406975
0.005857628913312762
0.005237999131961324
0.004079537160261992
0.005239274854307752
0.005748321389933864
0.0058588879075629485
0.006402230135210907
0.006395155269681485
0.006447564819306528
0.0070010457881442
0.007085780541013165
0.006986287622701148
0.006956492109638113
0.007487981716832959
0.007689074566267884
0.007681404924922752
0.007465993830719775
0.007333872387842444
0.0078077198951875815
0.008140154708327518
0.008251163852002197
0.008125406147514891
0.007780224985822759
0.007535354001920069
0.007919350343245313
0.00838237273977116
0.008627452174608141
0.008620481231371713
0.00836245765472432
0.007889168659414914
0.007535140575984034
0.007807719895184917
0.008382372739768496
0.008759226228423511
0.00888702948286424
0.008747300666134272
0.008360216665883602
0.007778195359286144
0.007333260617788273
0.0074879817168267415
0.008140154708327518
0.008627452174607697
0.00888702948286424
0.008882129077124379
0.008613466490476007
0.008118999651947512
0.007462206366447788
0.006955559055445537
0.007001045788137539
0.007689074566263887
0.008251163852001753
0.008620481231371713
0.008747300666133384
0.008613466490475119
0.00823812422225334
0.007671683443076116
0.006981205795953294
0.006446414949240253
0.006402230135210019
0.007085780541005615
0.007681404924924529
0.008125406147516223
0.008362457654726096
0.008360216665883602
0.008118999651947956
0.0076716834429890746
0.007073883977849249
0.006389313630857263
0.0058576289133136505
0.0057483213899329755
0.006395155269682373
0.006986287622702925
0.007465993830720219
0.007780224985818318
0.007889168659419799
0.007778195359286588
0.007462206366447344
0.006981205795953294
0.006389313630857707
0.005742215234587622
0.005237999131961324
0.00523927485430864
0.0058588879075629485
0.006447564819306084
0.006956492109638557
0.007333872387842444
0.007535354001920069
0.007535140575984478
0.007333260617788273
0.006955559055445537
0.006446414949239365
0.005857628913312762
0.005237999131961324
0.004079537160261992
0.005237999131961324
0.005237999131961324
0.005857628913312762
0.005742215234587178
0.005857628913312762
0.006446414949242474
0.006389313630751126
0.006389313630751126
0.006446414949242474
0.006955559055444205
0.0069812057959528495
0.007073883977851025
0.0069812057959528495
0.006955559055444205
0.007333260617791826
0.007462206366447344
0.007671683443073896
0.007671683443075228
0.007462206366447344
0.007333260617791382
0.0075351405759866985
0.007778195359284368
0.008118999651947068
0.008238124222250676
0.00811899965194618
0.007778195359284368
0.007535140575986254
0.007535354001919625
0.007889168659419354
0.008360216665884046
0.008613466490476451
0.008613466490475563
0.008360216665884046
0.007889168659418022
0.007535354001919181
0.007333872387843776
0.0077802249858205386
0.008362457654723432
0.008747300666139157
0.008882129077131928
0.008747300666138269
0.008362457654723432
0.0077802249858205386
0.007333872387844664
0.006956492109638113
0.007465993830723772
0.008125406147514891
0.008620481231370825
0.008887029482864683
0.008887029482864683
0.008620481231370825
0.008125406147514003
0.007465993830723772
0.0069564921096367804
0.006447564819308305
0.006986287622706477
0.007681404924925861
0.008251163851998644
0.008627452174608585
0.008759226228424843
0.008627452174608585
0.008251163851999976
0.007681404924924529
0.0069862876227069215
0.006447564819308305
0.00585888790756206
0.006395155269681929
0.007085780541013609
0.007689074566266552
0.008140154708327518
0.008382372739770272
0.008382372739770272
0.008140154708327518
0.007689074566264775
0.007085780541010944
0.006395155269681929
0.00585888790756206
0.005239274854309084
0.0057483213899280905
0.006402230135210019
0.007001045788140203
0.007487981716828962
0.007807719895186249
0.007919350343245313
0.007807719895184917
0.0074879817168267415
0.007001045788139759
0.006402230135210907
0.005748321389931643
0.005239274854309084
0.004079537160261992
0.005248269385581317
0.005875515145432608
0.006472531817244054
0.006989522771641887
0.007373425993113081
0.007578663859772128
0.007578663859772128
0.007373425993114857
0.0069895227716427755
0.006472531817238725
0.005875515145432608
0.005248269385581317
0.004079537160261992
0.005729561697413121
0.006374458862364651
0.0063744588623602105
0.006964035473581376
0.0070556337502929445
0.00696403547358182
0.0074427868948503395
0.007649750865776017
0.00764975086577957
0.007442786894851672
0.0077568317512488605
0.008093425710339552
0.008211026113225106
0.008093425710339552
0.007756831751251969
0.007866415889652867
0.008331479593712388
0.008581338252020565
0.008581338252021453
0.008331479593710611
0.007866415889650646
0.007756831751251081
0.00833147959363334
0.008710950517123894
0.008843830502649475
0.008710950517121674
0.008331479593713276
0.007756831751248416
0.007442786894852116
0.008093425710341329
0.00858133825201568
0.008843830502653471
0.008843830502652583
0.008581338252017456
0.008093425710339552
0.007442786894851228
0.006964035473583152
0.007649750865779126
0.008211026113233544
0.008581338252019233
0.008710950517123006
0.00858133825202323
0.008211026113226438
0.007649750865779126
0.0069640354735795995
0.006374458862362875
0.007055633750291612
0.007649750865781346
0.00809342571034044
0.008331479593636004
0.008331479593711943
0.008093425710339108
0.007649750865780902
0.007055633750295165
0.006374458862366428
0.005729561697412677
0.006374458862364207
0.006964035473581376
0.00744278689485256
0.007756831751248416
0.007866415889649758
0.007756831751247528
0.007442786894852116
0.006964035473576935
0.006374458862361987
0.005729561697412233
0.005237999131962212
0.005857628913314983
0.006446414949237589
0.006955559055440652
0.007333260617791826
0.007535140575984478
0.007535354001917849
0.007333872387842888
0.006956492109637669
0.006447564819306972
0.00585888790756206
0.0052392748543068635
0.004079537160261992
0.005237999131961324
0.005237999131961324
0.005857628913312762
0.005742215234587178
0.005857628913312762
0.006446414949242474
0.006389313630751126
0.006389313630751126
0.006446414949242474
0.006955559055444205
0.0069812057959528495
0.007073883977851025
0.0069812057959528495
0.006955559055444205
0.007333260617791382
0.007462206366447344
0.007671683443073896
0.007671683443075228
0.007462206366447344
0.007333260617791826
0.007535140575986254
0.007778195359284368
0.008118999651947068
0.008238124222250676
0.00811899965194618
0.007778195359284368
0.0075351405759866985
0.007535354001919181
0.007889168659419354
0.008360216665884046
0.008613466490476451
0.008613466490475563
0.008360216665884046
0.007889168659418022
0.007535354001919625
0.007333872387844664
0.0077802249858205386
0.008362457654723432
0.008747300666139157
0.008882129077131928
0.008747300666138269
0.008362457654723432
0.0077802249858205386
0.007333872387843776
0.0069564921096367804
0.007465993830723772
0.008125406147514891
0.008620481231370825
0.008887029482864683
0.008887029482864683
0.008620481231370825
0.008125406147514003
0.007465993830723772
0.006956492109638113
0.006447564819308305
0.006986287622706477
0.007681404924925861
0.008251163851998644
0.008627452174608585
0.008759226228424843
0.008627452174608585
0.008251163851999976
0.007681404924924529
0.0069862876227069215
0.006447564819308305
0.00585888790756206
0.006395155269681929
0.007085780541013609
0.007689074566266552
0.008140154708327518
0.008382372739770272
0.008382372739770272
0.008140154708327518
0.007689074566264775
0.007085780541010944
0.006395155269681929
0.00585888790756206
0.005239274854309084
0.0057483213899280905
0.006402230135210019
0.007001045788140203
0.007487981716828962
0.007807719895186249
0.007919350343245313
0.007807719895184917
0.0074879817168267415
0.007001045788139759
0.006402230135210907
0.005748321389931643
0.005239274854309084
0.005239274854307752
0.0058588879075629485
0.005729561697413121
0.006447564819306528
0.006374458862365984
0.006374458862365984
0.006956492109638113
0.006964035473580044
0.007055633750293833
0.00696403547358182
0.007333872387842444
0.007442786894852116
0.00764975086577957
0.007649750865776461
0.007442786894852116
0.007535354001919625
0.007756831751249305
0.008093425710340885
0.008211026113225106
0.008093425710339552
0.0077568317512488605
0.00753514057598359
0.007866415889650646
0.008331479593710611
0.008581338252022341
0.0085813382520179
0.008331479593712832
0.007866415889653311
0.007333260617788273
0.007756831751247972
0.008331479593712832
0.008710950517120786
0.008843830502648142
0.008710950517122118
0.008331479593711943
0.007756831751249305
0.006955559055444649
0.007442786894851672
0.008093425710340885
0.008581338252018789
0.008843830502650363
0.008843830502652583
0.008581338252021897
0.008093425710342217
0.007442786894849451
0.006446414949241586
0.0069640354735795995
0.007649750865782234
0.00821102611322555
0.008581338252022341
0.008710950517123006
0.008581338252021009
0.008211026113234432
0.007649750865779126
0.00696403547358404
0.0058576289133136505
0.006374458862365984
0.007055633750296941
0.007649750865780902
0.00809342571033822
0.0083314795937115
0.008331479593636892
0.008093425710339108
0.00764975086578179
0.007055633750300494
0.006374458862363319
0.005237999131961324
0.005729561697410013
0.006374458862361987
0.006964035473577823
0.007442786894853892
0.007756831751249305
0.00786641588965109
0.007756831751251081
0.0074427868948503395
0.006964035473580932
0.00637445886236554
0.005729561697412677
0.004079537160261992
0.005239274854309528
0.005858887907561616
0.006447564819304752
0.0069564921096372245
0.007333872387841112
0.007535354001917849
0.007535140575983146
0.007333260617791382
0.006955559055440652
0.00644641494924203
0.005857628913316315
0.005237999131962212
0.005239274854307752
0.005729561697413121
0.0058588879075629485
0.006374458862364651
0.0063744588623602105
0.006447564819306528
0.006964035473581376
0.0070556337502929445
0.00696403547358182
0.006956492109638113
0.0074427868948503395
0.007649750865776017
0.00764975086577957
0.007442786894851672
0.007333872387842444
0.0077568317512488605
0.008093425710339552
0.008211026113225106
0.008093425710339552
0.007756831751251969
0.007535354001920069
0.007866415889652867
0.008331479593712388
0.008581338252020565
0.008581338252021453
0.008331479593710611
0.007866415889650646
0.007535140575984034
0.007756831751251081
0.00833147959363334
0.008710950517123894
0.008843830502649475
0.008710950517121674
0.008331479593713276
0.007756831751248416
0.007333260617788273
0.007442786894852116
0.008093425710341329
0.00858133825201568
0.008843830502653471
0.008843830502652583
0.008581338252017456
0.008093425710339552
0.007442786894851228
0.006955559055445537
0.006964035473583152
0.007649750865779126
0.008211026113233544
0.008581338252019233
0.008710950517123006
0.00858133825202323
0.008211026113226438
0.007649750865779126
0.0069640354735795995
0.006446414949240253
0.006374458862362875
0.007055633750291612
0.007649750865781346
0.00809342571034044
0.008331479593636004
0.008331479593711943
0.008093425710339108
0.007649750865780902
0.007055633750295165
0.006374458862366428
0.0058576289133136505
0.005729561697412677
0.006374458862364207
0.006964035473581376
0.00744278689485256
0.007756831751248416
0.007866415889649758
0.007756831751247528
0.007442786894852116
0.006964035473576935
0.006374458862361987
0.005729561697412233
0.005237999131961324
0.005237999131962212
0.005857628913314983
0.006446414949237589
0.006955559055440652
0.007333260617791826
0.007535140575984478
0.007535354001917849
0.007333872387842888
0.006956492109637669
0.006447564819306972
0.00585888790756206
0.0052392748543068635
0.004079537160261992
0.005248269385582205
0.005875515145433496
0.005748321389933864
0.006472531817241389
0.006402230135210907
0.006395155269681485
0.006989522771641887
0.0070010457881442
0.007085780541013165
0.006986287622701148
0.007373425993113081
0.007487981716832959
0.007689074566267884
0.007681404924922752
0.007465993830719775
0.007578663859773016
0.0078077198951875815
0.008140154708327518
0.008251163852002197
0.008125406147514891
0.007780224985822759
0.007578663859773016
0.007919350343245313
0.00838237273977116
0.008627452174608141
0.008620481231371713
0.00836245765472432
0.007889168659414914
0.007373425993113081
0.007807719895184917
0.008382372739768496
0.008759226228423511
0.00888702948286424
0.008747300666134272
0.008360216665883602
0.007778195359286144
0.006989522771640999
0.0074879817168267415
0.008140154708327518
0.008627452174607697
0.00888702948286424
0.008882129077124379
0.008613466490476007
0.008118999651947512
0.007462206366447788
0.006472531817235172
0.007001045788137539
0.007689074566263887
0.008251163852001753
0.008620481231371713
0.008747300666133384
0.008613466490475119
0.00823812422225334
0.007671683443076116
0.006981205795953294
0.005875515145433496
0.006402230135210019
0.007085780541005615
0.007681404924924529
0.008125406147516223
0.008362457654726096
0.008360216665883602
0.008118999651947956
0.0076716834429890746
0.007073883977849249
0.006389313630857263
0.005248269385581317
0.0057483213899329755
0.006395155269682373
0.006986287622702925
0.007465993830720219
0.007780224985818318
0.007889168659419799
0.007778195359286588
0.007462206366447344
0.006981205795953294
0.006389313630857707
0.005742215234587622
0.004079537160261992
0.00523927485430864
0.0058588879075629485
0.006447564819306084
0.006956492109638557
0.007333872387842444
0.007535354001920069
0.007535140575984478
0.007333260617788273
0.006955559055445537
0.006446414949239365
0.005857628913312762
0.005237999131961324
0.005748321389933864
0.006402230135210907
0.006395155269681485
0.0070010457881442
0.007085780541013165
0.006986287622701148
0.007487981716832959
0.007689074566267884
0.007681404924922752
0.007465993830719775
0.0078077198951875815
0.008140154708327518
0.008251163852002197
0.008125406147514891
0.007780224985822759
0.007919350343245313
0.00838237273977116
0.008627452174608141
0.008620481231371713
0.00836245765472432
0.007889168659414914
0.007807719895184917
0.008382372739768496
0.008759226228423511
0.00888702948286424
0.008747300666134272
0.008360216665883602
0.007778195359286144
0.0074879817168267415
0.008140154708327518
0.008627452174607697
0.00888702948286424
0.008882129077124379
0.008613466490476007
0.008118999651947512
0.007462206366447788
0.007001045788137539
0.007689074566263887
0.008251163852001753
0.008620481231371713
0.008747300666133384
0.008613466490475119
0.00823812422225334
0.007671683443076116
0.006981205795953294
0.006402230135210019
0.007085780541005615
0.007681404924924529
0.008125406147516223
0.008362457654726096
0.008360216665883602
0.008118999651947956
0.0076716834429890746
0.007073883977849249
0.006389313630857263
0.0057483213899329755
0.006395155269682373
0.006986287622702925
0.007465993830720219
0.007780224985818318
0.007889168659419799
0.007778195359286588
0.007462206366447344
0.006981205795953294
0.006389313630857707
0.005742215234587622
0.00523927485430864
0.0058588879075629485
0.006447564819306084
0.006956492109638557
0.007333872387842444
0.007535354001920069
0.007535140575984478
0.007333260617788273
0.006955559055445537
0.006446414949239365
0.005857628913312762
0.005237999131961324
0.005239274854309972
0.005248269385580873
0.00585888790756206
0.005748321389929423
0.005875515145432608
0.006447564819305196
0.006395155269681929
0.006402230135210463
0.006472531817243166
0.0069564921096372245
0.006986287622708254
0.007085780541009612
0.007001045788143312
0.006989522771642331
0.007333872387842444
0.0074659938307228835
0.007681404924922752
0.00768907456626744
0.007487981716828518
0.007373425993112637
0.007535354001917849
0.007780224985818318
0.008125406147515335
0.008251163852000865
0.008140154708327074
0.007807719895186693
0.007578663859772128
0.007535140575984478
0.007889168659417134
0.008362457654726096
0.008620481231371269
0.008627452174608585
0.008382372739770716
0.007919350343243536
0.007578663859772128
0.007333260617791382
0.007778195359286588
0.008360216665881381
0.008747300666135605
0.00888702948286424
0.008759226228424843
0.00838237273977116
0.007807719895185805
0.007373425993114857
0.0069555590554424285
0.007462206366448676
0.00811899965194618
0.008613466490476451
0.00888212907712349
0.008887029482863795
0.008627452174609918
0.008140154708327962
0.0074879817168267415
0.006989522771642331
0.006446414949242474
0.006981205795954182
0.00767168344307656
0.008238124222255117
0.008613466490476895
0.00874730066613516
0.008620481231372601
0.008251163852000865
0.007689074566266552
0.007001045788138871
0.0064725318172373925
0.005857628913316315
0.006389313630858151
0.007073883977849249
0.007671683443077004
0.008118999651946623
0.008360216665883158
0.00836245765472432
0.008125406147516223
0.0076814049249236405
0.007085780541010944
0.0064022301352095745
0.005875515145433052
0.005237999131962212
0.005742215234587178
0.006389313630752902
0.006981205795953294
0.007462206366447788
0.007778195359284368
0.007889168659417134
0.007780224985820983
0.007465993830721107
0.006986287622702925
0.006395155269679709
0.005748321389929423
0.005248269385580873
0.004079537160261992
0.005237999131962656
0.005857628913314095
0.006446414949237589
0.006955559055441096
0.007333260617792714
0.007535140575984478
0.007535354001917849
0.007333872387842444
0.006956492109637669
0.006447564819306972
0.0058588879075625044
0.0052392748543068635
0.005237999131961324
0.005857628913312762
0.005729561697413121
0.006446414949242474
0.006374458862364651
0.0063744588623602105
0.006955559055444205
0.006964035473581376
0.0070556337502929445
0.00696403547358182
0.007333260617791382
0.0074427868948503395
0.007649750865776017
0.00764975086577957
0.007442786894851672
0.007535140575986254
0.0077568317512488605
0.008093425710339552
0.008211026113225106
0.008093425710339552
0.007756831751251969
0.007535354001919181
0.007866415889652867
0.008331479593712388
0.008581338252020565
0.008581338252021453
0.008331479593710611
0.007866415889650646
0.007333872387844664
0.007756831751251081
0.00833147959363334
0.008710950517123894
0.008843830502649475
0.008710950517121674
0.008331479593713276
0.007756831751248416
0.0069564921096367804
0.007442786894852116
0.008093425710341329
0.00858133825201568
0.008843830502653471
0.008843830502652583
0.008581338252017456
0.008093425710339552
0.007442786894851228
0.006447564819308305
0.006964035473583152
0.007649750865779126
0.008211026113233544
0.008581338252019233
0.008710950517123006
0.00858133825202323
0.008211026113226438
0.007649750865779126
0.0069640354735795995
0.00585888790756206
0.006374458862362875
0.007055633750291612
0.007649750865781346
0.00809342571034044
0.008331479593636004
0.008331479593711943
0.008093425710339108
0.007649750865780902
0.007055633750295165
0.006374458862366428
0.005239274854309084
0.005729561697412677
0.006374458862364207
0.006964035473581376
0.00744278689485256
0.007756831751248416
0.007866415889649758
0.007756831751247528
0.007442786894852116
0.006964035473576935
0.006374458862361987
0.005729561697412233
0.005237999131961324
0.005742215234587178
0.005857628913312762
0.006389313630751126
0.006389313630751126
0.006446414949242474
0.0069812057959528495
0.007073883977851025
0.0069812057959528495
0.006955559055444205
0.007462206366447344
0.007671683443073896
0.007671683443075228
0.007462206366447344
0.007333260617791382
0.007778195359284368
0.008118999651947068
0.008238124222250676
0.00811899965194618
0.007778195359284368
0.007535140575986254
0.007889168659419354
0.008360216665884046
0.008613466490476451
0.008613466490475563
0.008360216665884046
0.007889168659418022
0.007535354001919181
0.0077802249858205386
0.008362457654723432
0.008747300666139157
0.008882129077131928
0.008747300666138269
0.008362457654723432
0.0077802249858205386
0.007333872387844664
0.007465993830723772
0.008125406147514891
0.008620481231370825
0.008887029482864683
0.008887029482864683
0.008620481231370825
0.008125406147514003
0.007465993830723772
0.0069564921096367804
0.006986287622706477
0.007681404924925861
0.008251163851998644
0.008627452174608585
0.008759226228424843
0.008627452174608585
0.008251163851999976
0.007681404924924529
0.0069862876227069215
0.006447564819308305
0.006395155269681929
0.007085780541013609
0.007689074566266552
0.008140154708327518
0.008382372739770272
0.008382372739770272
0.008140154708327518
0.007689074566264775
0.007085780541010944
0.006395155269681929
0.00585888790756206
0.0057483213899280905
0.006402230135210019
0.007001045788140203
0.007487981716828962
0.007807719895186249
0.007919350343245313
0.007807719895184917
0.0074879817168267415
0.007001045788139759
0.006402230135210907
0.005748321389931643
0.005239274854309084
0.005248269385581317
0.005875515145432608
0.006472531817244054
0.006989522771641887
0.007373425993113081
0.007578663859772128
0.007578663859772128
0.007373425993114857
0.0069895227716427755
0.006472531817238725
0.005875515145432608
0.005248269385581317
0.004079537160261992
0.005729561697413121
0.006374458862364651
0.0063744588623602105
0.006964035473581376
0.0070556337502929445
0.00696403547358182
0.0074427868948503395
0.007649750865776017
0.00764975086577957
0.007442786894851672
0.0077568317512488605
0.008093425710339552
0.008211026113225106
0.008093425710339552
0.007756831751251969
0.007866415889652867
0.008331479593712388
0.008581338252020565
0.008581338252021453
0.008331479593710611
0.007866415889650646
0.007756831751251081
0.00833147959363334
0.008710950517123894
0.008843830502649475
0.008710950517121674
0.008331479593713276
0.007756831751248416
0.007442786894852116
0.008093425710341329
0.00858133825201568
0.008843830502653471
0.008843830502652583
0.008581338252017456
0.008093425710339552
0.007442786894851228
0.006964035473583152
0.007649750865779126
0.008211026113233544
0.008581338252019233
0.008710950517123006
0.00858133825202323
0.008211026113226438
0.007649750865779126
0.0069640354735795995
0.006374458862362875
0.007055633750291612
0.007649750865781346
0.00809342571034044
0.008331479593636004
0.008331479593711943
0.008093425710339108
0.007649750865780902
0.007055633750295165
0.006374458862366428
0.005729561697412677
0.006374458862364207
0.006964035473581376
0.00744278689485256
0.007756831751248416
0.007866415889649758
0.007756831751247528
0.007442786894852116
0.006964035473576935
0.006374458862361987
0.005729561697412233
0.005237999131962212
0.005857628913314983
0.006446414949237589
0.006955559055440652
0.007333260617791826
0.007535140575984478
0.007535354001917849
0.007333872387842888
0.006956492109637669
0.006447564819306972
0.00585888790756206
0.0052392748543068635
0.005237999131962212
0.005742215234587178
0.005857628913314983
0.00638931363085371
0.00638931363085371
0.006446414949237589
0.006981205795953294
0.00707388397785369
0.006981205795953294
0.006955559055441096
0.007462206366445567
0.007671683443075228
0.007671683443075228
0.007462206366445567
0.007333260617791826
0.007778195359281259
0.008118999651945735
0.00823812422225334
0.008118999651945735
0.007778195359281259
0.007535140575984478
0.007889168659417134
0.00836021666588227
0.008613466490478672
0.008613466490477784
0.00836021666588227
0.007889168659416246
0.007535354001917405
0.007780224985822315
0.008362457654724764
0.008747300666138269
0.008882129077131928
0.008747300666138269
0.008362457654724764
0.007780224985822315
0.007333872387842888
0.0074659938307233276
0.008125406147514891
0.008620481231370825
0.00888702948286424
0.00888702948286424
0.008620481231369492
0.008125406147514003
0.0074659938307233276
0.006956492109637669
0.006986287622706477
0.007681404924922308
0.008251163852000865
0.008627452174608585
0.008759226228423067
0.008627452174608585
0.008251163851999532
0.007681404924922752
0.006986287622706477
0.006447564819306972
0.006395155269681041
0.007085780541013609
0.0076890745662661075
0.008140154708327962
0.008382372739770272
0.008382372739770272
0.008140154708327962
0.0076890745662661075
0.007085780541010056
0.006395155269682373
0.0058588879075625044
0.0057483213899280905
0.006402230135211795
0.007001045788139759
0.007487981716828962
0.007807719895186249
0.007919350343245313
0.007807719895185805
0.0074879817168267415
0.007001045788138871
0.006402230135211795
0.005748321389929423
0.0052392748543068635
0.005248269385581317
0.005875515145432608
0.006472531817244942
0.006989522771641887
0.007373425993113081
0.007578663859772128
0.007578663859772128
0.007373425993114857
0.0069895227716427755
0.006472531817238725
0.005875515145432608
0.005248269385581317
0.005237999131962212
0.005742215234587178
0.005857628913314983
0.00638931363085371
0.00638931363085371
0.006446414949237589
0.006981205795953294
0.00707388397785369
0.006981205795953294
0.006955559055441096
0.007462206366445567
0.007671683443075228
0.007671683443075228
0.007462206366445567
0.007333260617791826
0.007778195359281259
0.008118999651945735
0.00823812422225334
0.008118999651945735
0.007778195359281259
0.007535140575984478
0.007889168659417134
0.00836021666588227
0.008613466490478672
0.008613466490477784
0.00836021666588227
0.007889168659416246
0.007535354001917405
0.007780224985822315
0.008362457654724764
0.008747300666138269
0.008882129077131928
0.008747300666138269
0.008362457654724764
0.007780224985822315
0.007333872387842888
0.0074659938307233276
0.008125406147514891
0.008620481231370825
0.00888702948286424
0.00888702948286424
0.008620481231369492
0.008125406147514003
0.0074659938307233276
0.006956492109637669
0.006986287622706477
0.007681404924922308
0.008251163852000865
0.008627452174608585
0.008759226228423067
0.008627452174608585
0.008251163851999532
0.007681404924922752
0.006986287622706477
0.006447564819306972
0.006395155269681041
0.007085780541013609
0.0076890745662661075
0.008140154708327962
0.008382372739770272
0.008382372739770272
0.008140154708327962
0.0076890745662661075
0.007085780541010056
0.006395155269682373
0.0058588879075625044
0.0057483213899280905
0.006402230135211795
0.007001045788139759
0.007487981716828962
0.007807719895186249
0.007919350343245313
0.007807719895185805
0.0074879817168267415
0.007001045788138871
0.006402230135211795
0.005748321389929423
0.0052392748543068635
0.005729561697413121
0.006374458862365984
0.006374458862365984
0.006964035473580044
0.007055633750293833
0.00696403547358182
0.007442786894852116
0.00764975086577957
0.007649750865776461
0.007442786894852116
0.007756831751249305
0.008093425710340885
0.008211026113225106
0.008093425710339552
0.0077568317512488605
0.007866415889650646
0.008331479593710611
0.008581338252022341
0.0085813382520179
0.008331479593712832
0.007866415889653311
0.007756831751247972
0.008331479593712832
0.008710950517120786
0.008843830502648142
0.008710950517122118
0.008331479593711943
0.007756831751249305
0.007442786894851672
0.008093425710340885
0.008581338252018789
0.008843830502650363
0.008843830502652583
0.008581338252021897
0.008093425710342217
0.007442786894849451
0.0069640354735795995
0.007649750865782234
0.00821102611322555
0.008581338252022341
0.008710950517123006
0.008581338252021009
0.008211026113234432
0.007649750865779126
0.00696403547358404
0.006374458862365984
0.007055633750296941
0.007649750865780902
0.00809342571033822
0.0083314795937115
0.008331479593636892
0.008093425710339108
0.00764975086578179
0.007055633750300494
0.006374458862363319
0.005729561697410013
0.006374458862361543
0.006964035473576935
0.007442786894853892
0.0077568317512488605
0.00786641588965109
0.007756831751250637
0.0074427868948503395
0.006964035473580932
0.006374458862366428
0.005729561697412677
0.005742215234587178
0.00638931363085371
0.00638931363085371
0.006981205795953294
0.00707388397785369
0.006981205795953294
0.007462206366445567
0.007671683443075228
0.007671683443075228
0.007462206366445567
0.007778195359281259
0.008118999651945735
0.00823812422225334
0.008118999651945735
0.007778195359281703
0.007889168659417134
0.00836021666588227
0.008613466490478672
0.008613466490477784
0.00836021666588227
0.007889168659416246
0.007780224985822315
0.008362457654724764
0.008747300666138269
0.008882129077131928
0.008747300666138269
0.008362457654724764
0.007780224985822315
0.0074659938307233276
0.008125406147514891
0.008620481231370825
0.00888702948286424
0.00888702948286424
0.008620481231369492
0.008125406147514003
0.0074659938307228835
0.006986287622706477
0.007681404924922308
0.008251163852000865
0.008627452174608585
0.008759226228423067
0.008627452174608585
0.008251163851999532
0.007681404924922752
0.006986287622706477
0.006395155269681041
0.007085780541013609
0.0076890745662661075
0.008140154708327962
0.008382372739770272
0.008382372739770272
0.008140154708327962
0.0076890745662661075
0.007085780541010056
0.006395155269681485
0.0057483213899280905
0.006402230135211795
0.007001045788139759
0.007487981716828962
0.007807719895186249
0.007919350343245313
0.007807719895185805
0.0074879817168267415
0.007001045788138871
0.006402230135211795
0.005748321389929423
0.005237999131961324
0.005729561697413121
0.005857628913312762
0.006374458862365984
0.006374458862365984
0.006446414949242474
0.006964035473580044
0.007055633750293833
0.00696403547358182
0.006955559055444205
0.007442786894852116
0.00764975086577957
0.007649750865776461
0.007442786894852116
0.007333260617791826
0.007756831751249305
0.008093425710340885
0.008211026113225106
0.008093425710339552
0.0077568317512488605
0.0075351405759866985
0.007866415889650646
0.008331479593710611
0.008581338252022341
0.0085813382520179
0.008331479593712832
0.007866415889653311
0.007535354001919625
0.007756831751247972
0.008331479593712832
0.008710950517120786
0.008843830502648142
0.008710950517122118
0.008331479593711943
0.007756831751249305
0.007333872387843776
0.007442786894851672
0.008093425710340885
0.008581338252018789
0.008843830502650363
0.008843830502652583
0.008581338252021897
0.008093425710342217
0.007442786894849451
0.006956492109638113
0.0069640354735795995
0.007649750865782234
0.00821102611322555
0.008581338252022341
0.008710950517123006
0.008581338252021009
0.008211026113234432
0.007649750865779126
0.00696403547358404
0.006447564819308305
0.006374458862365984
0.007055633750296941
0.007649750865780902
0.00809342571033822
0.0083314795937115
0.008331479593636892
0.008093425710339108
0.00764975086578179
0.007055633750300494
0.006374458862363319
0.00585888790756206
0.005729561697410013
0.006374458862361543
0.006964035473576935
0.007442786894853892
0.0077568317512488605
0.00786641588965109
0.007756831751250637
0.0074427868948503395
0.006964035473580932
0.006374458862366428
0.005729561697412677
0.005239274854309084
0.005237999131961324
0.005857628913312762
0.005742215234587178
0.006446414949242474
0.006389313630751126
0.006389313630751126
0.006955559055444205
0.0069812057959528495
0.007073883977851025
0.0069812057959528495
0.007333260617791382
0.007462206366447344
0.007671683443073896
0.007671683443075228
0.007462206366447344
0.007535140575986254
0.007778195359284368
0.008118999651947068
0.008238124222250676
0.00811899965194618
0.007778195359284368
0.007535354001919181
0.007889168659419354
0.008360216665884046
0.008613466490476451
0.008613466490475563
0.008360216665884046
0.007889168659418022
0.007333872387844664
0.0077802249858205386
0.008362457654723432
0.008747300666139157
0.008882129077131928
0.008747300666138269
0.008362457654723432
0.0077802249858205386
0.0069564921096367804
0.007465993830723772
0.008125406147514891
0.008620481231370825
0.008887029482864683
0.008887029482864683
0.008620481231370825
0.008125406147514003
0.007465993830723772
0.006447564819308305
0.006986287622706477
0.007681404924925861
0.008251163851998644
0.008627452174608585
0.008759226228424843
0.008627452174608585
0.008251163851999976
0.007681404924924529
0.0069862876227069215
0.00585888790756206
0.006395155269681929
0.007085780541013609
0.007689074566266552
0.008140154708327518
0.008382372739770272
0.008382372739770272
0.008140154708327518
0.007689074566264775
0.007085780541010944
0.006395155269681929
0.005239274854309084
0.0057483213899280905
0.006402230135210019
0.007001045788140203
0.007487981716828962
0.007807719895186249
0.007919350343245313
0.007807719895184917
0.0074879817168267415
0.007001045788139759
0.006402230135210907
0.005748321389931643
0.005729561697413121
0.006374458862364651
0.0063744588623602105
0.006964035473581376
0.0070556337502929445
0.00696403547358182
0.0074427868948503395
0.007649750865776017
0.00764975086577957
0.007442786894851672
0.0077568317512488605
0.008093425710339552
0.008211026113225106
0.008093425710339552
0.007756831751251969
0.007866415889652867
0.008331479593712388
0.008581338252020565
0.008581338252021453
0.008331479593710611
0.007866415889650646
0.007756831751251081
0.00833147959363334
0.008710950517123894
0.008843830502649475
0.008710950517121674
0.008331479593713276
0.007756831751248416
0.007442786894852116
0.008093425710341329
0.00858133825201568
0.008843830502653471
0.008843830502652583
0.008581338252017456
0.008093425710339552
0.007442786894851228
0.006964035473583152
0.007649750865779126
0.008211026113233544
0.008581338252019233
0.008710950517123006
0.00858133825202323
0.008211026113226438
0.007649750865779126
0.0069640354735795995
0.006374458862362875
0.007055633750291612
0.007649750865781346
0.00809342571034044
0.008331479593636004
0.008331479593711943
0.008093425710339108
0.007649750865780902
0.007055633750295165
0.006374458862366428
0.005729561697412677
0.006374458862362875
0.006964035473581376
0.007442786894853004
0.007756831751248416
0.007866415889649758
0.007756831751247528
0.007442786894852116
0.006964035473578267
0.006374458862362431
0.005729561697412677
