0.005750933033860761
0.006932419552435398
0.0069172677845488195
0.006955221698584424
0.006962598376452966
0.006939849432283207
0.006983255320685444
0.0070119810144362305
0.007011725075530162
0.0069675442352830075
0.00701532111253389
0.007065700444068845
0.007100038685230015
0.007065012547054383
0.0069991584078632485
0.007049713605098873
0.0071220959453079935
0.007190861111918689
0.0071904257742039235
0.007120794197540192
0.00703299464070728
0.007084160765496783
0.007178899129151262
0.007281685306101959
0.007315704541573709
0.007280628041954618
0.007176794775854756
0.007066792352379725
0.007115756133627471
0.007233154628967231
0.007369209752827288
0.00743724573329585
0.007436619265200228
0.007367336252343648
0.007230051736007326
0.007097660525840155
0.0071409002191922255
0.007281144698934039
0.007449243643257386
0.007550433325071104
0.007583781570901227
0.007548980950879081
0.007446352230825681
0.0072768407696153226
0.007122019731181428
0.007155269961137911
0.007318339980047828
0.007516642248602601
0.007649556256954515
0.007715894535303747
0.0077150637861529425
0.007647071413457773
0.00751252544020975
0.007312627821910667
0.00713557192365899
0.007153841890924717
0.00733940429659885
0.007565307784575648
0.007727801492776187
0.00782548459641319
0.007857513799274685
0.007823612376306688
0.007724073159657507
0.007559755381127964
0.007332075459373755
0.0071333234128116985
0.007131000511689578
0.007338288588723874
0.0075882989174886895
0.007777373585889258
0.007903948542360428
0.007966974869063836
0.007965929686521545
0.007900821632635058
0.0077721907727204
0.007581102942473716
0.0073291386690854665
0.00710969221180946
0.007080764714576304
0.007308452307290825
0.007578095801735074
0.007789796442627672
0.007941884157211643
0.008033156556923604
0.00806289098137336
0.00803085180417673
0.007937292829537146
0.0077829547122734155
0.0075690574720184145
0.007297288279010328
0.0070587323406119395
0.005750933033860761
0.007032973113238139
0.00719071908439739
0.007323019089374938
0.007428364326770964
0.007505218680775805
0.007551995709382808
0.007567029640058731
0.007548548474195282
0.007494658319803893
0.007403351521313883
0.0072725541400981975
0.007100229141142389
0.005750933033861649
0.0069172677845488195
0.006962598376452966
0.006939849432283207
0.0070119810144362305
0.007011725075530162
0.0069675442352830075
0.007065700444068845
0.007100038685230015
0.007065012547054383
0.00699915840786236
0.0071220959453079935
0.007190861111918689
0.0071904257742039235
0.007120794197540192
0.007032994640705947
0.007178899129151262
0.007281685306101959
0.007315704541573709
0.007280628041954618
0.007176794775854756
0.007066792352381501
0.007233154628967231
0.007369209752827288
0.00743724573329585
0.007436619265200228
0.007367336252343648
0.007230051736007326
0.00709766052583749
0.007281144698934039
0.007449243643257386
0.007550433325071104
0.007583781570901227
0.007548980950879081
0.007446352230825681
0.0072768407696153226
0.007122019731181428
0.007318339980047828
0.007516642248602601
0.007649556256954515
0.007715894535303747
0.0077150637861529425
0.007647071413457773
0.00751252544020975
0.007312627821910667
0.007135571923657658
0.00733940429659885
0.007565307784575648
0.007727801492776187
0.00782548459641319
0.007857513799274685
0.007823612376306688
0.007724073159657507
0.007559755381127964
0.007332075459373755
0.0071333234128116985
0.007338288588723874
0.0075882989174886895
0.007777373585889258
0.007903948542360428
0.007966974869063836
0.007965929686521545
0.007900821632635058
0.0077721907727204
0.007581102942473716
0.0073291386690854665
0.007109692211810348
0.007308452307290825
0.007578095801735074
0.007789796442627672
0.007941884157211643
0.008033156556923604
0.00806289098137336
0.00803085180417673
0.007937292829537146
0.0077829547122734155
0.0075690574720184145
0.007297288279010328
0.0070587323406119395
0.007032973113238139
0.00719071908439739
0.007323019089374938
0.007428364326770076
0.0075052186807744725
0.007551995709384585
0.007567029640056067
0.007548548474195282
0.007494658319802561
0.007403351521313883
0.007272554140099086
0.007100229141142389
0.005750933033861649
0.006909635419964921
0.006909635419964921
0.0069325202079819626
0.006947670508734127
0.0069325202079815185
0.006960686262377003
0.006997687386665508
0.006997687386664175
0.006960686262378779
0.006992950196219372
0.007052229930743614
0.007087092894623392
0.00705222993074317
0.006992950196219816
0.00702762742432439
0.0071096611376235685
0.007179248311173669
0.007179248311173669
0.007109661137624901
0.007027627424324834
0.00706247139501226
0.007167738482205088
0.00727168055792804
0.007306440699302641
0.007271680557928928
0.0071677384822042
0.007062471395013592
0.007094604879070321
0.007223532161461321
0.007361120991141057
0.007430244617157911
0.0074302446171570224
0.0073611209911392805
0.007223532161463542
0.007094604879070321
0.00712045975571618
0.00727334603221097
0.007443406069859382
0.007546077730852474
0.007580407918311938
0.00754607773093996
0.00744340606986027
0.00727334603221097
0.0071204597557152915
0.007135743792182847
0.007312663249519957
0.007513406385789789
0.007648248234114252
0.007715974437476625
0.007715974437477069
0.007648248234116473
0.007513406385788901
0.007312663249514628
0.007135743792182847
0.007135459821490109
0.007336144460611482
0.007565019342679058
0.007729938190462526
0.007829467337935547
0.007862740341574082
0.007829467337935547
0.007729938190462526
0.007565019342680834
0.007336144460611038
0.007135459821489665
0.00711400879436086
0.007337714080311919
0.007591269174161752
0.007783311809404836
0.007912239381571151
0.007976974055812658
0.007976974055819763
0.007912239381571151
0.007783311809403948
0.007591269174163973
0.007337714080311475
0.007114008794362192
0.007065409882207607
0.007310774067250669
0.007584562638571768
0.007799806073138793
0.007954790595868122
0.00804827953589804
0.008079525809951527
0.008048279535898484
0.007954790595875671
0.007799806073139237
0.007584562638572212
0.007310774067250669
0.007065409882207607
0.005750933033861649
0.007166283565971376
0.0074638038434269305
0.007704664994933275
0.007886983732450226
0.008009330984250163
0.008070746010829133
0.008070746010829133
0.008009330984253715
0.007886983732450226
0.007704664994933275
0.0074638038434269305
0.007166283565971376
0.005750933033861649
0.006932280822703696
0.006981343147713037
0.00698134314752652
0.007034695342823749
0.007069154949087331
0.007034695342823749
0.007090700017322593
0.007159461994810545
0.007159461994808769
0.007090700017315044
0.007147119944068692
0.007249793623608003
0.0072841285693203695
0.007249793623605338
0.007147119944070912
0.007201039548094368
0.00733689467615628
0.007405144289371446
0.007405144289370114
0.007336894676157613
0.007201039548089039
0.007248789863508076
0.007416631101577753
0.007517957292427546
0.007551836613167051
0.007517957292421773
0.007416631101583526
0.007248789863511185
0.007285898749108011
0.007483924612562642
0.0076169316967824585
0.0076837334999115825
0.007683733499907142
0.007616931696782903
0.007483924612560422
0.007285898749105346
0.007307093627992867
0.007532750965824508
0.0076953376371786675
0.007793453803496497
0.0078262535239646
0.0077934538035027145
0.007695337637181332
0.007532750965824508
0.007307093627995975
0.007306391271169499
0.007556244269042445
0.007745464719025819
0.007872488922473497
0.00793626529976832
0.00793626529977809
0.007872488922473941
0.00774546471902493
0.007556244269040668
0.007306391271170387
0.00727731248683261
0.0075469536935695025
0.007758913957898184
0.007911522279606231
0.008003572978287465
0.008034337742961473
0.00800357297829013
0.007911522279608896
0.0077589139578977395
0.00754695369356817
0.007277312486829501
0.007025165020737134
0.00718321320763593
0.007316050527235607
0.007422167408878799
0.007500024361074331
0.007548027831278059
0.007564499746763431
0.00754764885457293
0.007495553117925713
0.007406166013803617
0.0072773627628208715
0.00710704354492897
0.005750933033860761
0.006909635419964921
0.006909635419964921
0.00693252020798063
0.006947670508734127
0.006932520207982851
0.006960686262377447
0.006997687386665508
0.006997687386664175
0.006960686262378335
0.006992950196219816
0.007052229930743614
0.007087092894623392
0.00705222993074317
0.006992950196219372
0.007027627424324834
0.0071096611376235685
0.007179248311173669
0.007179248311173669
0.007109661137624901
0.00702762742432439
0.007062471395012704
0.007167738482205088
0.00727168055792804
0.007306440699302641
0.007271680557928928
0.0071677384822042
0.007062471395013148
0.007094604879070321
0.007223532161461321
0.007361120991141057
0.007430244617157911
0.0074302446171570224
0.0073611209911392805
0.007223532161463542
0.007094604879070321
0.00712045975571618
0.00727334603221097
0.007443406069859382
0.007546077730852474
0.007580407918311938
0.00754607773093996
0.00744340606986027
0.00727334603221097
0.0071204597557152915
0.007135743792182847
0.007312663249519957
0.007513406385789789
0.007648248234114252
0.007715974437476625
0.007715974437477069
0.007648248234116473
0.007513406385788901
0.007312663249514628
0.007135743792182847
0.007135459821489665
0.007336144460611482
0.007565019342679058
0.007729938190462526
0.007829467337935547
0.007862740341574082
0.007829467337935547
0.007729938190462526
0.007565019342680834
0.007336144460611038
0.007135459821490109
0.007114008794362192
0.007337714080311919
0.007591269174161752
0.007783311809404836
0.007912239381571151
0.007976974055812658
0.007976974055819763
0.007912239381571151
0.007783311809403948
0.007591269174163973
0.007337714080311475
0.00711400879436086
0.007065409882207607
0.007310774067250669
0.007584562638571768
0.007799806073138793
0.007954790595868122
0.00804827953589804
0.008079525809951527
0.008048279535898484
0.007954790595875671
0.007799806073139237
0.007584562638572212
0.007310774067250669
0.007065409882207607
0.0069172677845488195
0.006939849432283207
0.006932280822704584
0.0069675442352830075
0.00698134314752652
0.006981343147527408
0.0069991584078632485
0.007034695342823749
0.007069154949086887
0.007034695342823305
0.00703299464070728
0.007090700017315488
0.007159461994807881
0.007159461994810545
0.007090700017317708
0.007066792352379725
0.007147119944068692
0.007249793623609779
0.0072841285693203695
0.007249793623606227
0.007147119944067359
0.007097660525840155
0.007201039548093924
0.007336894676157613
0.007405144289368781
0.007405144289371446
0.007336894676155836
0.007201039548090371
0.007122019731181428
0.007248789863511629
0.007416631101583082
0.007517957292421329
0.007551836613167051
0.0075179572924288784
0.007416631101579085
0.007248789863508076
0.00713557192365899
0.00728589874910579
0.007483924612559978
0.00761693169678157
0.007683733499907142
0.007683733499911138
0.007616931696784235
0.007483924612562198
0.007285898749108899
0.0071333234128116985
0.007307093627994199
0.007532750965825841
0.007695337637180444
0.0077934538035022705
0.0078262535239646
0.007793453803496941
0.007695337637181332
0.007532750965826285
0.007307093627990202
0.00710969221180946
0.007306391271169499
0.007556244269043777
0.0077454647190253745
0.00787248892247483
0.007936265299778533
0.007936265299768763
0.00787248892247483
0.00774546471902493
0.007556244269039336
0.007306391271173496
0.0070587323406119395
0.007277312486829501
0.007546953693568614
0.007758913957896851
0.007911522279607563
0.008003572978287021
0.00803433774296236
0.008003572978288354
0.007911522279607563
0.007758913957898628
0.0075469536935695025
0.007277312486833942
0.005750933033861205
0.007107043544929859
0.007277362762820427
0.00740616601380184
0.007495553117925269
0.007547648854573374
0.007564499746762543
0.007548027831276727
0.007500024361076552
0.007422167408879687
0.007316050527236495
0.00718321320763593
0.007025165020738022
0.0069172677845488195
0.006932280822703696
0.006939849432283207
0.006981343147713037
0.00698134314752652
0.0069675442352830075
0.007034695342823749
0.007069154949087331
0.007034695342823749
0.00699915840786236
0.007090700017322593
0.007159461994810545
0.007159461994808769
0.007090700017315044
0.007032994640705947
0.007147119944068692
0.007249793623608003
0.0072841285693203695
0.007249793623605338
0.007147119944070912
0.007066792352381501
0.007201039548094368
0.00733689467615628
0.007405144289371446
0.007405144289370114
0.007336894676157613
0.007201039548089039
0.00709766052583749
0.007248789863508076
0.007416631101577753
0.007517957292427546
0.007551836613167051
0.007517957292421773
0.007416631101583526
0.007248789863511185
0.007122019731181428
0.007285898749108011
0.007483924612562642
0.0076169316967824585
0.0076837334999115825
0.007683733499907142
0.007616931696782903
0.007483924612560422
0.007285898749105346
0.007135571923657658
0.007307093627992867
0.007532750965824508
0.0076953376371786675
0.007793453803496497
0.0078262535239646
0.0077934538035027145
0.007695337637181332
0.007532750965824508
0.007307093627995975
0.0071333234128116985
0.007306391271169499
0.007556244269042445
0.007745464719025819
0.007872488922473497
0.00793626529976832
0.00793626529977809
0.007872488922473941
0.00774546471902493
0.007556244269040668
0.007306391271170387
0.007109692211810348
0.00727731248683261
0.0075469536935695025
0.007758913957898184
0.007911522279606231
0.008003572978287465
0.008034337742961473
0.00800357297829013
0.007911522279608896
0.0077589139578977395
0.00754695369356817
0.007277312486829501
0.0070587323406119395
0.007025165020737134
0.00718321320763593
0.007316050527235607
0.007422167408878799
0.007500024361074331
0.007548027831278059
0.007564499746763431
0.00754764885457293
0.007495553117925713
0.007406166013803617
0.0072773627628208715
0.00710704354492897
0.005750933033861649
0.006932419552435398
0.006955221698584424
0.006962598376452966
0.006983255320685444
0.0070119810144362305
0.007011725075530162
0.00701532111253389
0.007065700444068845
0.007100038685230015
0.007065012547054383
0.007049713605098873
0.0071220959453079935
0.007190861111918689
0.0071904257742039235
0.007120794197540192
0.007084160765496783
0.007178899129151262
0.007281685306101959
0.007315704541573709
0.007280628041954618
0.007176794775854756
0.007115756133627471
0.007233154628967231
0.007369209752827288
0.00743724573329585
0.007436619265200228
0.007367336252343648
0.007230051736007326
0.0071409002191922255
0.007281144698934039
0.007449243643257386
0.007550433325071104
0.007583781570901227
0.007548980950879081
0.007446352230825681
0.0072768407696153226
0.007155269961137911
0.007318339980047828
0.007516642248602601
0.007649556256954515
0.007715894535303747
0.0077150637861529425
0.007647071413457773
0.00751252544020975
0.007312627821910667
0.007153841890924717
0.00733940429659885
0.007565307784575648
0.007727801492776187
0.00782548459641319
0.007857513799274685
0.007823612376306688
0.007724073159657507
0.007559755381127964
0.007332075459373755
0.007131000511689578
0.007338288588723874
0.0075882989174886895
0.007777373585889258
0.007903948542360428
0.007966974869063836
0.007965929686521545
0.007900821632635058
0.0077721907727204
0.007581102942473716
0.0073291386690854665
0.007080764714576304
0.007308452307290825
0.007578095801735074
0.007789796442627672
0.007941884157211643
0.008033156556923604
0.00806289098137336
0.00803085180417673
0.007937292829537146
0.0077829547122734155
0.0075690574720184145
0.007297288279010328
0.005750933033860761
0.007032973113238139
0.00719071908439739
0.007323019089374938
0.007428364326770076
0.0075052186807744725
0.007551995709384585
0.007567029640056067
0.007548548474195282
0.007494658319802561
0.007403351521313883
0.007272554140099086
0.007100229141142389
0.006962598376452966
0.0070119810144362305
0.007011725075530162
0.007065700444068845
0.007100038685230015
0.007065012547054383
0.0071220959453079935
0.007190861111918689
0.0071904257742039235
0.007120794197540192
0.007178899129151262
0.007281685306101959
0.007315704541573709
0.007280628041954618
0.007176794775854756
0.007233154628967231
0.007369209752827288
0.00743724573329585
0.007436619265200228
0.007367336252343648
0.007230051736007326
0.007281144698934039
0.007449243643257386
0.007550433325071104
0.007583781570901227
0.007548980950879081
0.007446352230825681
0.0072768407696153226
0.007318339980047828
0.007516642248602601
0.007649556256954515
0.007715894535303747
0.0077150637861529425
0.007647071413457773
0.00751252544020975
0.007312627821910667
0.00733940429659885
0.007565307784575648
0.007727801492776187
0.00782548459641319
0.007857513799274685
0.007823612376306688
0.007724073159657507
0.007559755381127964
0.007332075459373755
0.007338288588723874
0.0075882989174886895
0.007777373585889258
0.007903948542360428
0.007966974869063836
0.007965929686521545
0.007900821632635058
0.0077721907727204
0.007581102942473716
0.0073291386690854665
0.007308452307290825
0.007578095801735074
0.007789796442627672
0.007941884157211643
0.008033156556923604
0.00806289098137336
0.00803085180417673
0.007937292829537146
0.0077829547122734155
0.0075690574720184145
0.007297288279010328
0.007032973113238139
0.00719071908439739
0.007323019089374938
0.007428364326770076
0.0075052186807744725
0.007551995709384585
0.007567029640056067
0.007548548474195282
0.007494658319802561
0.007403351521313883
0.007272554140099086
0.007100229141142389
0.0070327973853214765
0.007049351559201611
0.0071905424319362865
0.006962598376450302
0.007209512771004345
0.00732290850014472
0.00701172507552883
0.0070119810144366745
0.007343960157810248
0.007428375620519567
0.0070650125470548275
0.007100038685228238
0.0070657004440697335
0.007451152422492502
0.0075053915774541125
0.007120794197537528
0.007190425774201703
0.007190861111918245
0.007122095945314211
0.0075295222946736295
0.007552348788644192
0.0071767947758552
0.007280628041957726
0.007315704541573709
0.007281685306100627
0.007178899129154814
0.007577453388161182
0.0075675553935301565
0.007230051736009102
0.007367336252342316
0.007436619265114963
0.007437245733206588
0.007369209752828176
0.007233154628965455
0.007593251072227414
0.007549208830035514
0.007276840769613546
0.007446352230826125
0.007548980950879969
0.007583781570901671
0.007550433325071992
0.00744924364325561
0.007281144698932707
0.0075751156017234145
0.007495381249399191
0.007312627821917328
0.007512525440206641
0.007647071413455109
0.0077150637861427285
0.00771589453529975
0.007649556256955847
0.007516642248602601
0.0073183399800420545
0.007521126846794068
0.007404029605217577
0.007332075459374643
0.007559755381120858
0.007724073159657063
0.007823612376305356
0.007857513799275129
0.007825484596417187
0.007727801492773523
0.007565307784575648
0.007339404296598406
0.007429253442928552
0.007273046180263254
0.00732913866908369
0.007581102942474605
0.007772190772718179
0.007900821632633281
0.007965929686604145
0.007966974869139776
0.007903948542359096
0.007777373585888814
0.007588298917486469
0.007338288588719877
0.007297402177558254
0.007100366003333303
0.007297288279012104
0.0075690574720184145
0.007782954712272083
0.007937292829535814
0.008030851804174954
0.008062890981372917
0.008033156557009313
0.007941884157212975
0.00778979644262856
0.007578095801734186
0.007308452307290825
0.007123524140274284
0.005750933033861649
0.007141862803863752
0.007435908108549771
0.007674057713711324
0.007854467645544538
0.007975737573049368
0.008036924507750953
0.008037552145649052
0.007977615617520861
0.007857581539426839
0.007678383354237095
0.007441412084051358
0.0071485027140978374
0.006909635419964921
0.00693252020798063
0.006932280822703696
0.006960686262377447
0.006981343147713037
0.00698134314752652
0.006992950196219816
0.007034695342823749
0.007069154949087331
0.007034695342823749
0.007027627424324834
0.007090700017322593
0.007159461994810545
0.007159461994808769
0.007090700017315044
0.007062471395012704
0.007147119944068692
0.007249793623608003
0.0072841285693203695
0.007249793623605338
0.007147119944070912
0.007094604879070321
0.007201039548094368
0.00733689467615628
0.007405144289371446
0.007405144289370114
0.007336894676157613
0.007201039548089039
0.00712045975571618
0.007248789863508076
0.007416631101577753
0.007517957292427546
0.007551836613167051
0.007517957292421773
0.007416631101583526
0.007248789863511185
0.007135743792182847
0.007285898749108011
0.007483924612562642
0.0076169316967824585
0.0076837334999115825
0.007683733499907142
0.007616931696782903
0.007483924612560422
0.007285898749105346
0.007135459821489665
0.007307093627992867
0.007532750965824508
0.0076953376371786675
0.007793453803496497
0.0078262535239646
0.0077934538035027145
0.007695337637181332
0.007532750965824508
0.007307093627995975
0.007114008794362192
0.007306391271169499
0.007556244269042445
0.007745464719025819
0.007872488922473497
0.00793626529976832
0.00793626529977809
0.007872488922473941
0.00774546471902493
0.007556244269040668
0.007306391271170387
0.007065409882207607
0.00727731248683261
0.0075469536935695025
0.007758913957898184
0.007911522279606231
0.008003572978287465
0.008034337742961473
0.00800357297829013
0.007911522279608896
0.0077589139578977395
0.00754695369356817
0.007277312486829501
0.006909635419964921
0.006947670508734127
0.0069325202079815185
0.006997687386665508
0.006997687386664175
0.006960686262378779
0.007052229930743614
0.007087092894623392
0.00705222993074317
0.006992950196219816
0.0071096611376235685
0.007179248311173669
0.007179248311173669
0.007109661137624901
0.007027627424324834
0.007167738482205088
0.00727168055792804
0.007306440699302641
0.007271680557928928
0.0071677384822042
0.007062471395013592
0.007223532161461321
0.007361120991141057
0.007430244617157911
0.0074302446171570224
0.0073611209911392805
0.007223532161463542
0.007094604879070321
0.00727334603221097
0.007443406069859382
0.007546077730852474
0.007580407918311938
0.00754607773093996
0.00744340606986027
0.00727334603221097
0.0071204597557152915
0.007312663249519957
0.007513406385789789
0.007648248234114252
0.007715974437476625
0.007715974437477069
0.007648248234116473
0.007513406385788901
0.007312663249514628
0.007135743792182847
0.007336144460611482
0.007565019342679058
0.007729938190462526
0.007829467337935547
0.007862740341574082
0.007829467337935547
0.007729938190462526
0.007565019342680834
0.007336144460611038
0.007135459821489665
0.007337714080311919
0.007591269174161752
0.007783311809404836
0.007912239381571151
0.007976974055812658
0.007976974055819763
0.007912239381571151
0.007783311809403948
0.007591269174163973
0.007337714080311475
0.007114008794362192
0.007310774067250669
0.007584562638571768
0.007799806073138793
0.007954790595868122
0.00804827953589804
0.008079525809951527
0.008048279535898484
0.007954790595875671
0.007799806073139237
0.007584562638572212
0.007310774067250669
0.007065409882207607
0.007166283565971376
0.0074638038434269305
0.007704664994933275
0.007886983732450226
0.008009330984250163
0.008070746010829133
0.008070746010829133
0.008009330984253715
0.007886983732450226
0.007704664994933275
0.0074638038434269305
0.007166283565971376
0.005750933033861649
0.006932280822703696
0.006981343147713037
0.00698134314752652
0.007034695342823749
0.007069154949087331
0.007034695342823749
0.007090700017322593
0.007159461994810545
0.007159461994808769
0.007090700017315044
0.007147119944068692
0.007249793623608003
0.0072841285693203695
0.007249793623605338
0.007147119944070912
0.007201039548094368
0.00733689467615628
0.007405144289371446
0.007405144289370114
0.007336894676157613
0.007201039548089039
0.007248789863508076
0.007416631101577753
0.007517957292427546
0.007551836613167051
0.007517957292421773
0.007416631101583526
0.007248789863511185
0.007285898749108011
0.007483924612562642
0.0076169316967824585
0.0076837334999115825
0.007683733499907142
0.007616931696782903
0.007483924612560422
0.007285898749105346
0.007307093627992867
0.007532750965824508
0.0076953376371786675
0.007793453803496497
0.0078262535239646
0.0077934538035027145
0.007695337637181332
0.007532750965824508
0.007307093627995975
0.007306391271169499
0.007556244269042445
0.007745464719025819
0.007872488922473497
0.00793626529976832
0.00793626529977809
0.007872488922473941
0.00774546471902493
0.007556244269040668
0.007306391271170387
0.00727731248683261
0.0075469536935695025
0.007758913957898184
0.007911522279606231
0.008003572978287465
0.008034337742961473
0.00800357297829013
0.007911522279608896
0.0077589139578977395
0.00754695369356817
0.007277312486829501
0.007025165020737134
0.00718321320763593
0.007316050527235607
0.007422167408878799
0.007500024361074331
0.007548027831278059
0.007564499746763431
0.00754764885457293
0.007495553117925713
0.007406166013803617
0.0072773627628208715
0.00710704354492897
0.007025165020738022
0.006947670508734127
0.00718321320763593
0.006997687386670393
0.006997687386664619
0.007316050527236495
0.007052229930743614
0.007087092894626945
0.007052229930743614
0.007422167408878799
0.0071096611376235685
0.007179248311172781
0.007179248311172781
0.0071096611376231245
0.007500024361073887
0.00716773848229213
0.007271680557929816
0.007306440699302641
0.007271680557929816
0.007167738482292574
0.007548027831276727
0.007223532161461321
0.007361120991142389
0.0074302446171574665
0.00743024461715569
0.007361120991141945
0.0072235321614626535
0.007564499746762543
0.007273346032212746
0.007443406069771008
0.007546077730852474
0.007580407918311938
0.00754607773093996
0.007443406069771896
0.007273346032211858
0.00754764885457293
0.007312663249520401
0.00751340638579201
0.007648248234115584
0.007715974437476181
0.007715974437477069
0.007648248234117805
0.0075134063857911215
0.0073126632495159605
0.007495553117926157
0.007336144460605265
0.00756501934267817
0.007729938190462526
0.007829467337935991
0.007862740341574082
0.007829467337936435
0.0077299381904580855
0.00756501934268039
0.007336144460606153
0.007406166013803617
0.007337714080315916
0.007591269174160864
0.007783311809403948
0.007912239381569819
0.007976974055812658
0.007976974055819763
0.007912239381570263
0.007783311809404392
0.007591269174154647
0.007337714080315028
0.0072773627628208715
0.007310774067250669
0.007584562638572212
0.007799806073138793
0.007954790595868122
0.008048279535903369
0.008079525809951527
0.008048279535898484
0.007954790595875227
0.007799806073139237
0.007584562638572212
0.007310774067250669
0.00710704354492897
0.007166283565971376
0.0074638038434269305
0.007704664994933275
0.007886983732450226
0.008009330984250163
0.008070746010829133
0.008070746010829133
0.008009330984253715
0.007886983732450226
0.007704664994933275
0.0074638038434269305
0.007166283565971376
0.007025165020738022
0.006947670508734127
0.00718321320763593
0.006997687386670393
0.006997687386664619
0.007316050527236495
0.007052229930743614
0.007087092894626945
0.007052229930743614
0.007422167408878799
0.0071096611376235685
0.007179248311172781
0.007179248311172781
0.0071096611376231245
0.007500024361073887
0.00716773848229213
0.007271680557929816
0.007306440699302641
0.007271680557929816
0.007167738482292574
0.007548027831276727
0.007223532161461321
0.007361120991142389
0.0074302446171574665
0.00743024461715569
0.007361120991141945
0.0072235321614626535
0.007564499746762543
0.007273346032212746
0.007443406069771008
0.007546077730852474
0.007580407918311938
0.00754607773093996
0.007443406069771896
0.007273346032211858
0.00754764885457293
0.007312663249520401
0.00751340638579201
0.007648248234115584
0.007715974437476181
0.007715974437477069
0.007648248234117805
0.0075134063857911215
0.0073126632495159605
0.007495553117926157
0.007336144460605265
0.00756501934267817
0.007729938190462526
0.007829467337935991
0.007862740341574082
0.007829467337936435
0.0077299381904580855
0.00756501934268039
0.007336144460606153
0.007406166013803617
0.007337714080315916
0.007591269174160864
0.007783311809403948
0.007912239381569819
0.007976974055812658
0.007976974055819763
0.007912239381570263
0.007783311809404392
0.007591269174154647
0.007337714080315028
0.0072773627628208715
0.007310774067250669
0.007584562638572212
0.007799806073138793
0.007954790595868122
0.008048279535903369
0.008079525809951527
0.008048279535898484
0.007954790595875227
0.007799806073139237
0.007584562638572212
0.007310774067250669
0.00710704354492897
0.006932280822704584
0.00698134314752652
0.006981343147527408
0.007034695342823749
0.007069154949086887
0.007034695342823305
0.007090700017315488
0.007159461994807881
0.007159461994810545
0.007090700017317708
0.007147119944068692
0.007249793623609779
0.0072841285693203695
0.007249793623606227
0.007147119944067359
0.007201039548093924
0.007336894676157613
0.007405144289368781
0.007405144289371446
0.007336894676155836
0.007201039548090371
0.007248789863511629
0.007416631101583082
0.007517957292421329
0.007551836613167051
0.0075179572924288784
0.007416631101579085
0.007248789863508076
0.00728589874910579
0.007483924612559978
0.00761693169678157
0.007683733499907142
0.007683733499911138
0.007616931696784235
0.007483924612562198
0.007285898749108899
0.007307093627994199
0.007532750965825841
0.007695337637180444
0.0077934538035022705
0.0078262535239646
0.007793453803496941
0.007695337637181332
0.007532750965826285
0.007307093627990202
0.007306391271169499
0.007556244269043777
0.0077454647190253745
0.00787248892247483
0.007936265299778533
0.007936265299768763
0.00787248892247483
0.00774546471902493
0.007556244269039336
0.007306391271173496
0.007277312486829501
0.007546953693568614
0.007758913957898184
0.007911522279607563
0.008003572978287465
0.00803433774296236
0.008003572978289242
0.007911522279608008
0.007758913957898628
0.0075469536935695025
0.007277312486833942
0.006947670508734127
0.006997687386670393
0.006997687386664619
0.007052229930743614
0.007087092894626945
0.007052229930743614
0.0071096611376235685
0.007179248311172781
0.007179248311172781
0.007109661137624013
0.00716773848229213
0.007271680557929816
0.007306440699302641
0.007271680557929816
0.007167738482292574
0.007223532161461321
0.007361120991142389
0.0074302446171574665
0.00743024461715569
0.007361120991141945
0.0072235321614626535
0.007273346032212746
0.007443406069771008
0.007546077730852474
0.007580407918311938
0.00754607773093996
0.007443406069771896
0.007273346032211858
0.007312663249520401
0.00751340638579201
0.007648248234115584
0.007715974437476181
0.007715974437477069
0.007648248234117805
0.0075134063857911215
0.0073126632495159605
0.007336144460605265
0.00756501934267817
0.007729938190462526
0.007829467337935991
0.007862740341574082
0.007829467337936435
0.0077299381904580855
0.00756501934268039
0.007336144460606153
0.007337714080315916
0.007591269174160864
0.007783311809403948
0.007912239381569819
0.007976974055812658
0.007976974055819763
0.007912239381570263
0.007783311809404392
0.007591269174154647
0.007337714080315028
0.007310774067250669
0.007584562638572212
0.007799806073138793
0.007954790595868122
0.008048279535903369
0.008079525809951527
0.008048279535898484
0.007954790595875227
0.007799806073139237
0.007584562638572212
0.007310774067250225
0.006909635419964921
0.006932280822704584
0.006932520207982851
0.00698134314752652
0.006981343147527408
0.006960686262378335
0.007034695342823749
0.007069154949086887
0.007034695342823305
0.006992950196219372
0.007090700017315488
0.007159461994807881
0.007159461994810545
0.007090700017317708
0.00702762742432439
0.007147119944068692
0.007249793623609779
0.0072841285693203695
0.007249793623606227
0.007147119944067359
0.007062471395013148
0.007201039548093924
0.007336894676157613
0.007405144289368781
0.007405144289371446
0.007336894676155836
0.007201039548090371
0.007094604879070321
0.007248789863511629
0.007416631101583082
0.007517957292421329
0.007551836613167051
0.0075179572924288784
0.007416631101579085
0.007248789863508076
0.0071204597557152915
0.00728589874910579
0.007483924612559978
0.00761693169678157
0.007683733499907142
0.007683733499911138
0.007616931696784235
0.007483924612562198
0.007285898749108899
0.007135743792182847
0.007307093627994199
0.007532750965825841
0.007695337637180444
0.0077934538035022705
0.0078262535239646
0.007793453803496941
0.007695337637181332
0.007532750965826285
0.007307093627990202
0.007135459821490109
0.007306391271169499
0.007556244269043777
0.0077454647190253745
0.00787248892247483
0.007936265299778533
0.007936265299768763
0.00787248892247483
0.00774546471902493
0.007556244269039336
0.007306391271173496
0.00711400879436086
0.007277312486829501
0.007546953693568614
0.007758913957898184
0.007911522279607563
0.008003572978287465
0.00803433774296236
0.008003572978289242
0.007911522279608008
0.007758913957898628
0.0075469536935695025
0.007277312486833942
0.007065409882207607
0.006909635419964921
0.00693252020798063
0.006947670508734127
0.006960686262377447
0.006997687386665508
0.006997687386664175
0.006992950196219816
0.007052229930743614
0.007087092894623392
0.00705222993074317
0.007027627424324834
0.0071096611376235685
0.007179248311173669
0.007179248311173669
0.007109661137624901
0.007062471395012704
0.007167738482205088
0.00727168055792804
0.007306440699302641
0.007271680557928928
0.0071677384822042
0.007094604879070321
0.007223532161461321
0.007361120991141057
0.007430244617157911
0.0074302446171570224
0.0073611209911392805
0.007223532161463542
0.00712045975571618
0.00727334603221097
0.007443406069859382
0.007546077730852474
0.007580407918311938
0.00754607773093996
0.00744340606986027
0.00727334603221097
0.007135743792182847
0.007312663249519957
0.007513406385789789
0.007648248234114252
0.007715974437476625
0.007715974437477069
0.007648248234116473
0.007513406385788901
0.007312663249514628
0.007135459821489665
0.007336144460611482
0.007565019342679058
0.007729938190462526
0.007829467337935547
0.007862740341574082
0.007829467337935547
0.007729938190462526
0.007565019342680834
0.007336144460611038
0.007114008794362192
0.007337714080311919
0.007591269174161752
0.007783311809404836
0.007912239381571151
0.007976974055812658
0.007976974055819763
0.007912239381571151
0.007783311809403948
0.007591269174163973
0.007337714080311475
0.007065409882207607
0.007310774067250669
0.007584562638571768
0.007799806073138793
0.007954790595868122
0.00804827953589804
0.008079525809951527
0.008048279535898484
0.007954790595875671
0.007799806073139237
0.007584562638572212
0.007310774067250669
0.006932280822703696
0.006981343147713037
0.00698134314752652
0.007034695342823749
0.007069154949087331
0.007034695342823749
0.007090700017322593
0.007159461994810545
0.007159461994808769
0.007090700017315044
0.007147119944068692
0.007249793623608003
0.0072841285693203695
0.007249793623605338
0.007147119944070912
0.007201039548094368
0.00733689467615628
0.007405144289371446
0.007405144289370114
0.007336894676157613
0.007201039548089039
0.007248789863508076
0.007416631101577753
0.007517957292427546
0.007551836613167051
0.007517957292421773
0.007416631101583526
0.007248789863511185
0.007285898749108011
0.007483924612562642
0.0076169316967824585
0.0076837334999115825
0.007683733499907142
0.007616931696782903
0.007483924612560422
0.007285898749105346
0.007307093627992867
0.007532750965824508
0.0076953376371786675
0.007793453803496497
0.0078262535239646
0.0077934538035027145
0.007695337637181332
0.007532750965824508
0.007307093627995975
0.007306391271169499
0.007556244269042445
0.007745464719025819
0.007872488922473497
0.00793626529976832
0.00793626529977809
0.007872488922473941
0.00774546471902493
0.007556244269040668
0.007306391271170387
0.00727731248683261
0.0075469536935695025
0.007758913957898184
0.007911522279605787
0.008003572978287465
0.008034337742961473
0.00800357297829013
0.007911522279608008
0.007758913957896407
0.00754695369356817
0.007277312486829501
