0.003391393085959038
0.005719820510678986
0.005719820510678986
0.0069932432604238315
0.006727646302396639
0.00699324326042472
0.008461062193027225
0.008263645999757596
0.008263645999755376
0.008461062193027225
0.010045422844139118
0.010010219368392193
0.01024180427342447
0.010010219368392193
0.010045422844139118
0.011585668467569477
0.011838823622944084
0.012464653237005408
0.012464653237005408
0.011838823622893457
0.011585668467569477
0.012842853887110373
0.013511648284273647
0.014711928502710414
0.015151523805744471
0.014711928502708638
0.013511648284273647
0.012842853887113925
0.013558225543272684
0.014711928502710414
0.01660889507873886
0.017713385720560915
0.01771338572056047
0.01660889507873886
0.014711928502710414
0.013558225543272684
0.013558225543270908
0.015151523805741363
0.01771338572055825
0.019612326323092955
0.02032045544515082
0.019612326323092955
0.01771338572055825
0.015151523805740474
0.013558225543270908
0.012842853887110373
0.014711928502710858
0.017713385720558694
0.0203204554451486
0.021868694621532736
0.021868694621532736
0.02032045544515304
0.01771338572055825
0.014711928502705529
0.012842853887112149
0.011585668467565924
0.013511648284275424
0.016608895078736197
0.01961232632309251
0.02186869462153096
0.022716454740596248
0.021868694621531404
0.019612326323091622
0.016608895078737085
0.013511648284275868
0.011585668467565924
0.01004542284414267
0.011838823622893013
0.01471192850271219
0.017713385720557362
0.020320455445150376
0.021868694621530516
0.021868694621530516
0.020320455445149932
0.017713385720557806
0.014711928502709082
0.011838823622945416
0.01004542284414267
0.008461062193029
0.010010219368393525
0.01246465323700452
0.015151523805743139
0.017713385720559582
0.01961232632309029
0.020320455445149044
0.019612326323092955
0.01771338572056136
0.015151523805741363
0.012464653237003187
0.010010219368392193
0.008461062193029
0.0069932432604238315
0.008263645999755376
0.010241804273424915
0.012464653237004963
0.014711928502708638
0.016608895078734864
0.01771338572055825
0.017713385720560915
0.016608895078736197
0.014711928502708194
0.012464653237007184
0.010241804273425359
0.008263645999755376
0.0069932432604238315
0.0057198205106780975
0.006727646302393975
0.008263645999756708
0.010010219368392637
0.011838823622893457
0.01351164828427498
0.014711928502702865
0.01515152380574225
0.014711928502708638
0.013511648284278976
0.011838823622893901
0.010010219368394413
0.008263645999757152
0.0067276463023926425
0.0057198205106780975
0.003391393085959038
0.0057198205106780975
0.0069932432604238315
0.008461062193028113
0.010045422844134677
0.011585668467568588
0.012842853887113925
0.013558225543270908
0.013558225543270908
0.012842853887112149
0.01158566846756326
0.010045422844141783
0.008461062193029
0.0069932432604238315
0.0057198205106780975
0.003391393085959038
0.005719820510678986
0.006727646302396639
0.00699324326042472
0.008263645999757596
0.008263645999755376
0.008461062193027225
0.010010219368392193
0.01024180427342447
0.010010219368392193
0.010045422844139118
0.011838823622944084
0.012464653237005408
0.012464653237005408
0.011838823622893457
0.011585668467569477
0.013511648284273647
0.014711928502710414
0.015151523805744471
0.014711928502708638
0.013511648284273647
0.012842853887113925
0.014711928502710414
0.01660889507873886
0.017713385720560915
0.01771338572056047
0.01660889507873886
0.014711928502710414
0.013558225543272684
0.015151523805741363
0.01771338572055825
0.019612326323092955
0.02032045544515082
0.019612326323092955
0.01771338572055825
0.015151523805740474
0.013558225543270908
0.014711928502710858
0.017713385720558694
0.0203204554451486
0.021868694621532736
0.021868694621532736
0.02032045544515304
0.01771338572055825
0.014711928502705529
0.012842853887112149
0.013511648284275424
0.016608895078736197
0.01961232632309251
0.02186869462153096
0.022716454740596248
0.021868694621531404
0.019612326323091622
0.016608895078737085
0.013511648284275868
0.011585668467565924
0.011838823622893013
0.01471192850271219
0.017713385720557362
0.020320455445150376
0.021868694621530516
0.021868694621530516
0.020320455445149932
0.017713385720557806
0.014711928502709082
0.011838823622945416
0.01004542284414267
0.010010219368393525
0.01246465323700452
0.015151523805743139
0.017713385720559582
0.01961232632309029
0.020320455445149044
0.019612326323092955
0.01771338572056136
0.015151523805741363
0.012464653237003187
0.010010219368392193
0.008461062193029
0.008263645999755376
0.010241804273424915
0.012464653237004963
0.014711928502708638
0.016608895078734864
0.01771338572055825
0.017713385720560915
0.016608895078736197
0.014711928502708194
0.012464653237007184
0.010241804273425359
0.008263645999755376
0.0069932432604238315
0.006727646302393975
0.008263645999756708
0.010010219368392637
0.011838823622893457
0.01351164828427498
0.014711928502702865
0.01515152380574225
0.014711928502708638
0.013511648284278976
0.011838823622893901
0.010010219368394413
0.008263645999757152
0.0067276463023926425
0.0057198205106780975
0.0057198205106780975
0.0069932432604238315
0.008461062193028113
0.010045422844134677
0.011585668467568588
0.012842853887113925
0.013558225543270908
0.013558225543270908
0.012842853887112149
0.01158566846756326
0.010045422844141783
0.008461062193029
0.0069932432604238315
0.0057198205106780975
0.003391393085959038
0.005719820510678986
0.0069932432604238315
0.006727646302396639
0.008461062193027225
0.008263645999757596
0.008263645999755376
0.010045422844139118
0.010010219368392193
0.01024180427342447
0.010010219368392193
0.011585668467569477
0.011838823622944084
0.012464653237005408
0.012464653237005408
0.011838823622893457
0.012842853887110373
0.013511648284273647
0.014711928502710414
0.015151523805744471
0.014711928502708638
0.013511648284273647
0.013558225543272684
0.014711928502710414
0.01660889507873886
0.017713385720560915
0.01771338572056047
0.01660889507873886
0.014711928502710414
0.013558225543270908
0.015151523805741363
0.01771338572055825
0.019612326323092955
0.02032045544515082
0.019612326323092955
0.01771338572055825
0.015151523805740474
0.012842853887110373
0.014711928502710858
0.017713385720558694
0.0203204554451486
0.021868694621532736
0.021868694621532736
0.02032045544515304
0.01771338572055825
0.014711928502705529
0.011585668467565924
0.013511648284275424
0.016608895078736197
0.01961232632309251
0.02186869462153096
0.022716454740596248
0.021868694621531404
0.019612326323091622
0.016608895078737085
0.013511648284275868
0.01004542284414267
0.011838823622893013
0.01471192850271219
0.017713385720557362
0.020320455445150376
0.021868694621530516
0.021868694621530516
0.020320455445149932
0.017713385720557806
0.014711928502709082
0.011838823622945416
0.008461062193029
0.010010219368393525
0.01246465323700452
0.015151523805743139
0.017713385720559582
0.01961232632309029
0.020320455445149044
0.019612326323092955
0.01771338572056136
0.015151523805741363
0.012464653237003187
0.010010219368392193
0.0069932432604238315
0.008263645999755376
0.010241804273424915
0.012464653237004963
0.014711928502708638
0.016608895078734864
0.01771338572055825
0.017713385720560915
0.016608895078736197
0.014711928502708194
0.012464653237007184
0.010241804273425359
0.008263645999755376
0.0057198205106780975
0.006727646302393975
0.008263645999756708
0.010010219368392637
0.011838823622893457
0.01351164828427498
0.014711928502702865
0.01515152380574225
0.014711928502708638
0.013511648284278976
0.011838823622893901
0.010010219368394413
0.008263645999757152
0.0067276463023926425
0.003391393085959038
0.0057198205106780975
0.0069932432604238315
0.008461062193028113
0.010045422844134677
0.011585668467568588
0.012842853887113925
0.013558225543270908
0.013558225543270908
0.012842853887112149
0.01158566846756326
0.010045422844141783
0.008461062193029
0.0069932432604238315
0.0057198205106780975
0.006727646302396639
0.008263645999757596
0.008263645999755376
0.010010219368392193
0.01024180427342447
0.010010219368392193
0.011838823622944084
0.012464653237005408
0.012464653237005408
0.011838823622893457
0.013511648284273647
0.014711928502710414
0.015151523805744471
0.014711928502708638
0.013511648284273647
0.014711928502710414
0.01660889507873886
0.017713385720560915
0.01771338572056047
0.01660889507873886
0.014711928502710414
0.015151523805741363
0.01771338572055825
0.019612326323092955
0.02032045544515082
0.019612326323092955
0.01771338572055825
0.015151523805740474
0.014711928502710858
0.017713385720558694
0.0203204554451486
0.021868694621532736
0.021868694621532736
0.02032045544515304
0.01771338572055825
0.014711928502705529
0.013511648284275424
0.016608895078736197
0.01961232632309251
0.02186869462153096
0.022716454740596248
0.021868694621531404
0.019612326323091622
0.016608895078737085
0.013511648284275868
0.011838823622893013
0.01471192850271219
0.017713385720557362
0.020320455445150376
0.021868694621530516
0.021868694621530516
0.020320455445149932
0.017713385720557806
0.014711928502709082
0.011838823622945416
0.010010219368393525
0.01246465323700452
0.015151523805743139
0.017713385720559582
0.01961232632309029
0.020320455445149044
0.019612326323092955
0.01771338572056136
0.015151523805741363
0.012464653237003187
0.010010219368392193
0.008263645999755376
0.010241804273424915
0.012464653237004963
0.014711928502708638
0.016608895078734864
0.01771338572055825
0.017713385720560915
0.016608895078736197
0.014711928502708194
0.012464653237007184
0.010241804273425359
0.008263645999755376
0.006727646302393975
0.008263645999756708
0.010010219368392637
0.011838823622893457
0.01351164828427498
0.014711928502702865
0.01515152380574225
0.014711928502708638
0.013511648284278976
0.011838823622893901
0.010010219368394413
0.008263645999757152
0.0067276463023926425
0.0057198205106780975
0.0069932432604238315
0.008461062193028113
0.010045422844134677
0.011585668467568588
0.012842853887113925
0.013558225543270908
0.013558225543270908
0.012842853887112149
0.01158566846756326
0.010045422844141783
0.008461062193029
0.0069932432604238315
0.0057198205106780975
0.003391393085959038
0.005719820510678986
0.005719820510678986
0.0069932432604238315
0.006727646302396639
0.00699324326042472
0.008461062193027225
0.008263645999757596
0.008263645999755376
0.008461062193027225
0.010045422844139118
0.010010219368392193
0.01024180427342447
0.010010219368392193
0.010045422844139118
0.011585668467569477
0.011838823622944084
0.012464653237005408
0.012464653237005408
0.011838823622893457
0.011585668467569477
0.012842853887110373
0.013511648284273647
0.014711928502710414
0.015151523805744471
0.014711928502708638
0.013511648284273647
0.012842853887113925
0.013558225543272684
0.014711928502710414
0.01660889507873886
0.017713385720560915
0.01771338572056047
0.01660889507873886
0.014711928502710414
0.013558225543272684
0.013558225543270908
0.015151523805741363
0.01771338572055825
0.019612326323092955
0.02032045544515082
0.019612326323092955
0.01771338572055825
0.015151523805740474
0.013558225543270908
0.012842853887110373
0.014711928502710858
0.017713385720558694
0.0203204554451486
0.021868694621532736
0.021868694621532736
0.02032045544515304
0.01771338572055825
0.014711928502705529
0.012842853887112149
0.011585668467565924
0.013511648284275424
0.016608895078736197
0.01961232632309251
0.02186869462153096
0.022716454740596248
0.021868694621531404
0.019612326323091622
0.016608895078737085
0.013511648284275868
0.011585668467565924
0.01004542284414267
0.011838823622893013
0.01471192850271219
0.017713385720557362
0.020320455445150376
0.021868694621530516
0.021868694621530516
0.020320455445149932
0.017713385720557806
0.014711928502709082
0.011838823622945416
0.01004542284414267
0.008461062193029
0.010010219368393525
0.01246465323700452
0.015151523805743139
0.017713385720559582
0.01961232632309029
0.020320455445149044
0.019612326323092955
0.01771338572056136
0.015151523805741363
0.012464653237003187
0.010010219368392193
0.008461062193029
0.0069932432604238315
0.008263645999755376
0.010241804273424915
0.012464653237004963
0.014711928502708638
0.016608895078734864
0.01771338572055825
0.017713385720560915
0.016608895078736197
0.014711928502708194
0.012464653237007184
0.010241804273425359
0.008263645999755376
0.0069932432604238315
0.0057198205106780975
0.006727646302393975
0.008263645999756708
0.010010219368392637
0.011838823622893457
0.01351164828427498
0.014711928502702865
0.01515152380574225
0.014711928502708638
0.013511648284278976
0.011838823622893901
0.010010219368394413
0.008263645999757152
0.0067276463023926425
0.0057198205106780975
0.005719820510678986
0.006727646302396639
0.00699324326042472
0.008263645999757596
0.008263645999755376
0.008461062193027225
0.010010219368392193
0.01024180427342447
0.010010219368392193
0.010045422844139118
0.011838823622944084
0.012464653237005408
0.012464653237005408
0.011838823622893457
0.011585668467569477
0.013511648284273647
0.014711928502710414
0.015151523805744471
0.014711928502708638
0.013511648284273647
0.012842853887113925
0.014711928502710414
0.01660889507873886
0.017713385720560915
0.01771338572056047
0.01660889507873886
0.014711928502710414
0.013558225543272684
0.015151523805741363
0.01771338572055825
0.019612326323092955
0.02032045544515082
0.019612326323092955
0.01771338572055825
0.015151523805740474
0.013558225543270908
0.014711928502710858
0.017713385720558694
0.0203204554451486
0.021868694621532736
0.021868694621532736
0.02032045544515304
0.01771338572055825
0.014711928502705529
0.012842853887112149
0.013511648284275424
0.016608895078736197
0.01961232632309251
0.02186869462153096
0.022716454740596248
0.021868694621531404
0.019612326323091622
0.016608895078737085
0.013511648284275868
0.011585668467565924
0.011838823622893013
0.01471192850271219
0.017713385720557362
0.020320455445150376
0.021868694621530516
0.021868694621530516
0.020320455445149932
0.017713385720557806
0.014711928502709082
0.011838823622945416
0.01004542284414267
0.010010219368393525
0.01246465323700452
0.015151523805743139
0.017713385720559582
0.01961232632309029
0.020320455445149044
0.019612326323092955
0.01771338572056136
0.015151523805741363
0.012464653237003187
0.010010219368392193
0.008461062193029
0.008263645999755376
0.010241804273424915
0.012464653237004963
0.014711928502708638
0.016608895078734864
0.01771338572055825
0.017713385720560915
0.016608895078736197
0.014711928502708194
0.012464653237007184
0.010241804273425359
0.008263645999755376
0.0069932432604238315
0.006727646302393975
0.008263645999756708
0.010010219368392637
0.011838823622893457
0.01351164828427498
0.014711928502702865
0.01515152380574225
0.014711928502708638
0.013511648284278976
0.011838823622893901
0.010010219368394413
0.008263645999757152
0.0067276463023926425
0.0057198205106780975
0.005719820510678986
0.0069932432604238315
0.006727646302396639
0.008461062193027225
0.008263645999757596
0.008263645999755376
0.010045422844139118
0.010010219368392193
0.01024180427342447
0.010010219368392193
0.011585668467569477
0.011838823622944084
0.012464653237005408
0.012464653237005408
0.011838823622893457
0.012842853887110373
0.013511648284273647
0.014711928502710414
0.015151523805744471
0.014711928502708638
0.013511648284273647
0.013558225543272684
0.014711928502710414
0.01660889507873886
0.017713385720560915
0.01771338572056047
0.01660889507873886
0.014711928502710414
0.013558225543270908
0.015151523805741363
0.01771338572055825
0.019612326323092955
0.02032045544515082
0.019612326323092955
0.01771338572055825
0.015151523805740474
0.012842853887110373
0.014711928502710858
0.017713385720558694
0.0203204554451486
0.021868694621532736
0.021868694621532736
0.02032045544515304
0.01771338572055825
0.014711928502705529
0.011585668467565924
0.013511648284275424
0.016608895078736197
0.01961232632309251
0.02186869462153096
0.022716454740596248
0.021868694621531404
0.019612326323091622
0.016608895078737085
0.013511648284275868
0.01004542284414267
0.011838823622893013
0.01471192850271219
0.017713385720557362
0.020320455445150376
0.021868694621530516
0.021868694621530516
0.020320455445149932
0.017713385720557806
0.014711928502709082
0.011838823622945416
0.008461062193029
0.010010219368393525
0.01246465323700452
0.015151523805743139
0.017713385720559582
0.01961232632309029
0.020320455445149044
0.019612326323092955
0.01771338572056136
0.015151523805741363
0.012464653237003187
0.010010219368392193
0.0069932432604238315
0.008263645999755376
0.010241804273424915
0.012464653237004963
0.014711928502708638
0.016608895078734864
0.01771338572055825
0.017713385720560915
0.016608895078736197
0.014711928502708194
0.012464653237007184
0.010241804273425359
0.008263645999755376
0.0057198205106780975
0.006727646302393975
0.008263645999756708
0.010010219368392637
0.011838823622893457
0.01351164828427498
0.014711928502702865
0.01515152380574225
0.014711928502708638
0.013511648284278976
0.011838823622893901
0.010010219368394413
0.008263645999757152
0.0067276463023926425
0.006727646302396639
0.008263645999757596
0.008263645999755376
0.010010219368392193
0.01024180427342447
0.010010219368392193
0.011838823622944084
0.012464653237005408
0.012464653237005408
0.011838823622893457
0.013511648284273647
0.014711928502710414
0.015151523805744471
0.014711928502708638
0.013511648284273647
0.014711928502710414
0.01660889507873886
0.017713385720560915
0.01771338572056047
0.01660889507873886
0.014711928502710414
0.015151523805741363
0.01771338572055825
0.019612326323092955
0.02032045544515082
0.019612326323092955
0.01771338572055825
0.015151523805740474
0.014711928502710858
0.017713385720558694
0.0203204554451486
0.021868694621532736
0.021868694621532736
0.02032045544515304
0.01771338572055825
0.014711928502705529
0.013511648284275424
0.016608895078736197
0.01961232632309251
0.02186869462153096
0.022716454740596248
0.021868694621531404
0.019612326323091622
0.016608895078737085
0.013511648284275868
0.011838823622893013
0.01471192850271219
0.017713385720557362
0.020320455445150376
0.021868694621530516
0.021868694621530516
0.020320455445149932
0.017713385720557806
0.014711928502709082
0.011838823622945416
0.010010219368393525
0.01246465323700452
0.015151523805743139
0.017713385720559582
0.01961232632309029
0.020320455445149044
0.019612326323092955
0.01771338572056136
0.015151523805741363
0.012464653237003187
0.010010219368392193
0.008263645999755376
0.010241804273424915
0.012464653237004963
0.014711928502708638
0.016608895078734864
0.01771338572055825
0.017713385720560915
0.016608895078736197
0.014711928502708194
0.012464653237007184
0.010241804273425359
0.008263645999755376
0.006727646302393975
0.008263645999756708
0.010010219368392637
0.011838823622893457
0.01351164828427498
0.014711928502702865
0.01515152380574225
0.014711928502708638
0.013511648284278976
0.011838823622893901
0.010010219368394413
0.008263645999757152
0.0067276463023926425
