0.007318062434677586
0.011046596865682545
0.011046596865682545
0.011160163382008648
0.011174432428658676
0.011160163382009536
0.01131223742711196
0.011396705793031536
0.011396705793031092
0.01131223742711196
0.011499924580465226
0.011658060125764536
0.011783379074667977
0.011658060125764536
0.011499924580465226
0.011718103365694787
0.011954408305813402
0.01220944207228536
0.01220944207228536
0.011954408305813402
0.011718103365694787
0.011958408479536331
0.01227819679108011
0.01266729892024765
0.01279791592139956
0.012667298920245873
0.012278196791080997
0.011958408479534555
0.012207900327369181
0.012616864016243845
0.01314319240735129
0.013409084027547369
0.013409084027546925
0.013143192407350845
0.012616864016240736
0.012207900327368293
0.012447525176709995
0.012950970198316814
0.013614769449824315
0.014018401160339256
0.014153844242377644
0.0140184011603397
0.013614769449823871
0.012950970198314593
0.012447525176709995
0.012650700690593375
0.013252317760543253
0.01404857945746052
0.014588031979788418
0.014860369143022911
0.014860369143022911
0.014588031979789307
0.01404857945746052
0.013252317760592103
0.012650700690593375
0.012782741292322264
0.013482819513463529
0.014398477422635114
0.015064709595725922
0.015469389327886773
0.015605112521168252
0.015469389327886773
0.015064709595721926
0.014398477422631117
0.013482819513463529
0.012782741292322264
0.012802279759094759
0.013595439407631194
0.01460667378725411
0.015380725306330945
0.015904315294837712
0.016168400546799244
0.016168400546803685
0.015904315294835936
0.015380725306330945
0.014606673787258995
0.013595439407631194
0.012802279759094759
0.012665998771980824
0.013538872921132317
0.014609659866050784
0.015460835698868358
0.01607881463159666
0.016453650648919016
0.01657927588630148
0.01645365064891946
0.016078814631598437
0.015460835698868802
0.014609659866051672
0.013538872921132317
0.012665998771980824
0.012337225843197075
0.013267003010984713
0.01435041931986536
0.015236930172968233
0.015913565986458433
0.016370332700651247
0.016600435236826083
0.01660043523682697
0.01637033270065169
0.015913565986458433
0.015236930172964236
0.014350419319865804
0.013267003010982936
0.012337225843197075
0.011796819682642123
0.012751860834104178
0.013795235608193845
0.014668486543497394
0.015360100581499836
0.015860865212708575
0.016164055675730538
0.016265577483566496
0.016164055675729205
0.015860865212712127
0.015360100581498504
0.014668486543496062
0.013795235608192513
0.01275186083410329
0.011796819682642123
0.007318062434677586
0.011966073384444442
0.013019166750735778
0.013917932621837714
0.014651093008012595
0.015209351342272193
0.015585567613331186
0.015774899125694297
0.015774899125694297
0.01558556761332941
0.015209351342272193
0.014651093008011706
0.013917932621837714
0.013019166750735778
0.011966073384444442
0.007318062434677586
0.011046596865682545
0.011174432428658676
0.011160163382009536
0.011396705793031536
0.011396705793031092
0.01131223742711196
0.011658060125764536
0.011783379074667977
0.011658060125764536
0.011499924580465226
0.011954408305813402
0.01220944207228536
0.01220944207228536
0.011954408305813402
0.011718103365694787
0.01227819679108011
0.01266729892024765
0.01279791592139956
0.012667298920245873
0.012278196791080997
0.011958408479534555
0.012616864016243845
0.01314319240735129
0.013409084027547369
0.013409084027546925
0.013143192407350845
0.012616864016240736
0.012207900327368293
0.012950970198316814
0.013614769449824315
0.014018401160339256
0.014153844242377644
0.0140184011603397
0.013614769449823871
0.012950970198314593
0.012447525176709995
0.013252317760543253
0.01404857945746052
0.014588031979788418
0.014860369143022911
0.014860369143022911
0.014588031979789307
0.01404857945746052
0.013252317760592103
0.012650700690593375
0.013482819513463529
0.014398477422635114
0.015064709595725922
0.015469389327886773
0.015605112521168252
0.015469389327886773
0.015064709595721926
0.014398477422631117
0.013482819513463529
0.012782741292322264
0.013595439407631194
0.01460667378725411
0.015380725306330945
0.015904315294837712
0.016168400546799244
0.016168400546803685
0.015904315294835936
0.015380725306330945
0.014606673787258995
0.013595439407631194
0.012802279759094759
0.013538872921132317
0.014609659866050784
0.015460835698868358
0.01607881463159666
0.016453650648919016
0.01657927588630148
0.01645365064891946
0.016078814631598437
0.015460835698868802
0.014609659866051672
0.013538872921132317
0.012665998771980824
0.013267003010984713
0.01435041931986536
0.015236930172968233
0.015913565986458433
0.016370332700651247
0.016600435236826083
0.01660043523682697
0.01637033270065169
0.015913565986458433
0.015236930172964236
0.014350419319865804
0.013267003010982936
0.012337225843197075
0.012751860834104178
0.013795235608193845
0.014668486543497394
0.015360100581499836
0.015860865212708575
0.016164055675730538
0.016265577483566496
0.016164055675729205
0.015860865212712127
0.015360100581498504
0.014668486543496062
0.013795235608192513
0.01275186083410329
0.011796819682642123
0.011966073384444442
0.013019166750735778
0.013917932621837714
0.014651093008012595
0.015209351342272193
0.015585567613331186
0.015774899125694297
0.015774899125694297
0.01558556761332941
0.015209351342272193
0.014651093008011706
0.013917932621837714
0.013019166750735778
0.011966073384444442
0.007318062434677586
0.011046596865682545
0.011160163382008648
0.011174432428658676
0.01131223742711196
0.011396705793031536
0.011396705793031092
0.011499924580465226
0.011658060125764536
0.011783379074667977
0.011658060125764536
0.011718103365694787
0.011954408305813402
0.01220944207228536
0.01220944207228536
0.011954408305813402
0.011958408479536331
0.01227819679108011
0.01266729892024765
0.01279791592139956
0.012667298920245873
0.012278196791080997
0.012207900327369181
0.012616864016243845
0.01314319240735129
0.013409084027547369
0.013409084027546925
0.013143192407350845
0.012616864016240736
0.012447525176709995
0.012950970198316814
0.013614769449824315
0.014018401160339256
0.014153844242377644
0.0140184011603397
0.013614769449823871
0.012950970198314593
0.012650700690593375
0.013252317760543253
0.01404857945746052
0.014588031979788418
0.014860369143022911
0.014860369143022911
0.014588031979789307
0.01404857945746052
0.013252317760592103
0.012782741292322264
0.013482819513463529
0.014398477422635114
0.015064709595725922
0.015469389327886773
0.015605112521168252
0.015469389327886773
0.015064709595721926
0.014398477422631117
0.013482819513463529
0.012802279759094759
0.013595439407631194
0.01460667378725411
0.015380725306330945
0.015904315294837712
0.016168400546799244
0.016168400546803685
0.015904315294835936
0.015380725306330945
0.014606673787258995
0.013595439407631194
0.012665998771980824
0.013538872921132317
0.014609659866050784
0.015460835698868358
0.01607881463159666
0.016453650648919016
0.01657927588630148
0.01645365064891946
0.016078814631598437
0.015460835698868802
0.014609659866051672
0.013538872921132317
0.012337225843197075
0.013267003010984713
0.01435041931986536
0.015236930172968233
0.015913565986458433
0.016370332700651247
0.016600435236826083
0.01660043523682697
0.01637033270065169
0.015913565986458433
0.015236930172964236
0.014350419319865804
0.013267003010982936
0.011796819682642123
0.012751860834104178
0.013795235608193845
0.014668486543497394
0.015360100581499836
0.015860865212708575
0.016164055675730538
0.016265577483566496
0.016164055675729205
0.015860865212712127
0.015360100581498504
0.014668486543496062
0.013795235608192513
0.01275186083410329
0.007318062434677586
0.011966073384444442
0.013019166750735778
0.013917932621837714
0.014651093008012595
0.015209351342272193
0.015585567613331186
0.015774899125694297
0.015774899125694297
0.01558556761332941
0.015209351342272193
0.014651093008011706
0.013917932621837714
0.013019166750735778
0.011966073384444442
0.011174432428658676
0.011396705793031536
0.011396705793031092
0.011658060125764536
0.011783379074667977
0.011658060125764536
0.011954408305813402
0.01220944207228536
0.01220944207228536
0.011954408305813402
0.01227819679108011
0.01266729892024765
0.01279791592139956
0.012667298920245873
0.012278196791080997
0.012616864016243845
0.01314319240735129
0.013409084027547369
0.013409084027546925
0.013143192407350845
0.012616864016240736
0.012950970198316814
0.013614769449824315
0.014018401160339256
0.014153844242377644
0.0140184011603397
0.013614769449823871
0.012950970198314593
0.013252317760543253
0.01404857945746052
0.014588031979788418
0.014860369143022911
0.014860369143022911
0.014588031979789307
0.01404857945746052
0.013252317760592103
0.013482819513463529
0.014398477422635114
0.015064709595725922
0.015469389327886773
0.015605112521168252
0.015469389327886773
0.015064709595721926
0.014398477422631117
0.013482819513463529
0.013595439407631194
0.01460667378725411
0.015380725306330945
0.015904315294837712
0.016168400546799244
0.016168400546803685
0.015904315294835936
0.015380725306330945
0.014606673787258995
0.013595439407631194
0.013538872921132317
0.014609659866050784
0.015460835698868358
0.01607881463159666
0.016453650648919016
0.01657927588630148
0.01645365064891946
0.016078814631598437
0.015460835698868802
0.014609659866051672
0.013538872921132317
0.013267003010984713
0.01435041931986536
0.015236930172968233
0.015913565986458433
0.016370332700651247
0.016600435236826083
0.01660043523682697
0.01637033270065169
0.015913565986458433
0.015236930172964236
0.014350419319865804
0.013267003010982936
0.012751860834104178
0.013795235608193845
0.014668486543497394
0.015360100581499836
0.015860865212708575
0.016164055675730538
0.016265577483566496
0.016164055675729205
0.015860865212712127
0.015360100581498504
0.014668486543496062
0.013795235608192513
0.01275186083410329
0.011966073384444442
0.013019166750735778
0.013917932621837714
0.014651093008012595
0.015209351342272193
0.015585567613331186
0.015774899125694297
0.015774899125694297
0.01558556761332941
0.015209351342272193
0.014651093008011706
0.013917932621837714
0.013019166750735778
0.011966073384444442
0.007318062434677586
0.011046596865682545
0.011046596865682545
0.011160163382008648
0.011174432428658676
0.011160163382009536
0.01131223742711196
0.011396705793031536
0.011396705793031092
0.01131223742711196
0.011499924580465226
0.011658060125764536
0.011783379074667977
0.011658060125764536
0.011499924580465226
0.011718103365694787
0.011954408305813402
0.01220944207228536
0.01220944207228536
0.011954408305813402
0.011718103365694787
0.011958408479536331
0.01227819679108011
0.01266729892024765
0.01279791592139956
0.012667298920245873
0.012278196791080997
0.011958408479534555
0.012207900327369181
0.012616864016243845
0.01314319240735129
0.013409084027547369
0.013409084027546925
0.013143192407350845
0.012616864016240736
0.012207900327368293
0.012447525176709995
0.012950970198316814
0.013614769449824315
0.014018401160339256
0.014153844242377644
0.0140184011603397
0.013614769449823871
0.012950970198314593
0.012447525176709995
0.012650700690593375
0.013252317760543253
0.01404857945746052
0.014588031979788418
0.014860369143022911
0.014860369143022911
0.014588031979789307
0.01404857945746052
0.013252317760592103
0.012650700690593375
0.012782741292322264
0.013482819513463529
0.014398477422635114
0.015064709595725922
0.015469389327886773
0.015605112521168252
0.015469389327886773
0.015064709595721926
0.014398477422631117
0.013482819513463529
0.012782741292322264
0.012802279759094759
0.013595439407631194
0.01460667378725411
0.015380725306330945
0.015904315294837712
0.016168400546799244
0.016168400546803685
0.015904315294835936
0.015380725306330945
0.014606673787258995
0.013595439407631194
0.012802279759094759
0.012665998771980824
0.013538872921132317
0.014609659866050784
0.015460835698868358
0.01607881463159666
0.016453650648919016
0.01657927588630148
0.01645365064891946
0.016078814631598437
0.015460835698868802
0.014609659866051672
0.013538872921132317
0.012665998771980824
0.012337225843197075
0.013267003010984713
0.01435041931986536
0.015236930172968233
0.015913565986458433
0.016370332700651247
0.016600435236826083
0.01660043523682697
0.01637033270065169
0.015913565986458433
0.015236930172964236
0.014350419319865804
0.013267003010982936
0.012337225843197075
0.011796819682642123
0.012751860834104178
0.013795235608193845
0.014668486543497394
0.015360100581499836
0.015860865212708575
0.016164055675730538
0.016265577483566496
0.016164055675729205
0.015860865212712127
0.015360100581498504
0.014668486543496062
0.013795235608192513
0.01275186083410329
0.011796819682642123
0.011046596865682545
0.011174432428658676
0.011160163382009536
0.011396705793031536
0.011396705793031092
0.01131223742711196
0.011658060125764536
0.011783379074667977
0.011658060125764536
0.011499924580465226
0.011954408305813402
0.01220944207228536
0.01220944207228536
0.011954408305813402
0.011718103365694787
0.01227819679108011
0.01266729892024765
0.01279791592139956
0.012667298920245873
0.012278196791080997
0.011958408479534555
0.012616864016243845
0.01314319240735129
0.013409084027547369
0.013409084027546925
0.013143192407350845
0.012616864016240736
0.012207900327368293
0.012950970198316814
0.013614769449824315
0.014018401160339256
0.014153844242377644
0.0140184011603397
0.013614769449823871
0.012950970198314593
0.012447525176709995
0.013252317760543253
0.01404857945746052
0.014588031979788418
0.014860369143022911
0.014860369143022911
0.014588031979789307
0.01404857945746052
0.013252317760592103
0.012650700690593375
0.013482819513463529
0.014398477422635114
0.015064709595725922
0.015469389327886773
0.015605112521168252
0.015469389327886773
0.015064709595721926
0.014398477422631117
0.013482819513463529
0.012782741292322264
0.013595439407631194
0.01460667378725411
0.015380725306330945
0.015904315294837712
0.016168400546799244
0.016168400546803685
0.015904315294835936
0.015380725306330945
0.014606673787258995
0.013595439407631194
0.012802279759094759
0.013538872921132317
0.014609659866050784
0.015460835698868358
0.01607881463159666
0.016453650648919016
0.01657927588630148
0.01645365064891946
0.016078814631598437
0.015460835698868802
0.014609659866051672
0.013538872921132317
0.012665998771980824
0.013267003010984713
0.01435041931986536
0.015236930172968233
0.015913565986458433
0.016370332700651247
0.016600435236826083
0.01660043523682697
0.01637033270065169
0.015913565986458433
0.015236930172964236
0.014350419319865804
0.013267003010982936
0.012337225843197075
0.012751860834104178
0.013795235608193845
0.014668486543497394
0.015360100581499836
0.015860865212708575
0.016164055675730538
0.016265577483566496
0.016164055675729205
0.015860865212712127
0.015360100581498504
0.014668486543496062
0.013795235608192513
0.01275186083410329
0.011796819682642123
0.011046596865682545
0.011160163382008648
0.011174432428658676
0.01131223742711196
0.011396705793031536
0.011396705793031092
0.011499924580465226
0.011658060125764536
0.011783379074667977
0.011658060125764536
0.011718103365694787
0.011954408305813402
0.01220944207228536
0.01220944207228536
0.011954408305813402
0.011958408479536331
0.01227819679108011
0.01266729892024765
0.01279791592139956
0.012667298920245873
0.012278196791080997
0.012207900327369181
0.012616864016243845
0.01314319240735129
0.013409084027547369
0.013409084027546925
0.013143192407350845
0.012616864016240736
0.012447525176709995
0.012950970198316814
0.013614769449824315
0.014018401160339256
0.014153844242377644
0.0140184011603397
0.013614769449823871
0.012950970198314593
0.012650700690593375
0.013252317760543253
0.01404857945746052
0.014588031979788418
0.014860369143022911
0.014860369143022911
0.014588031979789307
0.01404857945746052
0.013252317760592103
0.012782741292322264
0.013482819513463529
0.014398477422635114
0.015064709595725922
0.015469389327886773
0.015605112521168252
0.015469389327886773
0.015064709595721926
0.014398477422631117
0.013482819513463529
0.012802279759094759
0.013595439407631194
0.01460667378725411
0.015380725306330945
0.015904315294837712
0.016168400546799244
0.016168400546803685
0.015904315294835936
0.015380725306330945
0.014606673787258995
0.013595439407631194
0.012665998771980824
0.013538872921132317
0.014609659866050784
0.015460835698868358
0.01607881463159666
0.016453650648919016
0.01657927588630148
0.01645365064891946
0.016078814631598437
0.015460835698868802
0.014609659866051672
0.013538872921132317
0.012337225843197075
0.013267003010984713
0.01435041931986536
0.015236930172968233
0.015913565986458433
0.016370332700651247
0.016600435236826083
0.01660043523682697
0.01637033270065169
0.015913565986458433
0.015236930172964236
0.014350419319865804
0.013267003010982936
0.011796819682642123
0.012751860834104178
0.013795235608193845
0.014668486543497394
0.015360100581499836
0.015860865212708575
0.016164055675730538
0.016265577483566496
0.016164055675729205
0.015860865212712127
0.015360100581498504
0.014668486543496062
0.013795235608192513
0.01275186083410329
0.011174432428658676
0.011396705793031536
0.011396705793031092
0.011658060125764536
0.011783379074667977
0.011658060125764536
0.011954408305813402
0.01220944207228536
0.01220944207228536
0.011954408305813402
0.01227819679108011
0.01266729892024765
0.01279791592139956
0.012667298920245873
0.012278196791080997
0.012616864016243845
0.01314319240735129
0.013409084027547369
0.013409084027546925
0.013143192407350845
0.012616864016240736
0.012950970198316814
0.013614769449824315
0.014018401160339256
0.014153844242377644
0.0140184011603397
0.013614769449823871
0.012950970198314593
0.013252317760543253
0.01404857945746052
0.014588031979788418
0.014860369143022911
0.014860369143022911
0.014588031979789307
0.01404857945746052
0.013252317760592103
0.013482819513463529
0.014398477422635114
0.015064709595725922
0.015469389327886773
0.015605112521168252
0.015469389327886773
0.015064709595721926
0.014398477422631117
0.013482819513463529
0.013595439407631194
0.01460667378725411
0.015380725306330945
0.015904315294837712
0.016168400546799244
0.016168400546803685
0.015904315294835936
0.015380725306330945
0.014606673787258995
0.013595439407631194
0.013538872921132317
0.014609659866050784
0.015460835698868358
0.01607881463159666
0.016453650648919016
0.01657927588630148
0.01645365064891946
0.016078814631598437
0.015460835698868802
0.014609659866051672
0.013538872921132317
0.013267003010984713
0.01435041931986536
0.015236930172968233
0.015913565986458433
0.016370332700651247
0.016600435236826083
0.01660043523682697
0.01637033270065169
0.015913565986458433
0.015236930172964236
0.014350419319865804
0.013267003010982936
0.012751860834104178
0.013795235608193845
0.014668486543497394
0.015360100581499836
0.015860865212708575
0.016164055675730538
0.016265577483566496
0.016164055675729205
0.015860865212712127
0.015360100581498504
0.014668486543496062
0.013795235608192513
0.01275186083410329
