0.004319119487993461
0.005203440044674323
0.00519207961611956
0.005216371374102913
0.005220502982708375
0.005204886191036984
0.005232423657774987
0.005248537907463824
0.005248393972822285
0.005220746134589227
0.005251101322227392
0.005279328261903249
0.0052987026088602285
0.005278942114675278
0.0052391661043516
0.005271705436358687
0.005312200729862049
0.005351036552618371
0.005350792882756306
0.005311471525224931
0.005259450397751664
0.005293315215800121
0.005346246010774269
0.00540440649991103
0.005423643568693848
0.00540381624316888
0.00534506980645455
0.005280682677901716
0.005314763580680726
0.005380292721187452
0.005457525776591421
0.005496107054730359
0.005495758438915033
0.005456482435598264
0.005378562147953403
0.005301701776244894
0.005334612449841458
0.005412878088057571
0.005508775364539975
0.005566423939816545
0.0055854161932438195
0.005565617777163467
0.005507168722714617
0.005410482288543239
0.005321077253164219
0.0053511315564591655
0.005442221290119509
0.005556170863640464
0.005632423118957508
0.0056704508367317885
0.005669990934535463
0.005631046584235744
0.005553887189320594
0.00543904621209057
0.005337088441331073
0.005362286012076112
0.005466205068402008
0.005597339173382121
0.005691492952011767
0.0057480319894862575
0.0057665750242152924
0.00574699695885128
0.005689429851218009
0.005594261868788752
0.005462134222388837
0.005347712150067352
0.005365739527094959
0.005482373017205333
0.005629513926034058
0.005740573875064214
0.005814826277404261
0.005851784869258303
0.005851207467444386
0.005813097843991866
0.0057377056994534215
0.0056255247259513474
0.005477288797363311
0.005350625873883352
0.005358881742850485
0.005487951797128243
0.0056495607931696945
0.005776185453572058
0.00586702464912614
0.005921502965472669
0.005939275029199553
0.005920228115752213
0.0058644830091179045
0.005772393080871296
0.005644541622427557
0.005481737462865954
0.005343234876169056
0.005338888928648977
0.005479908698233338
0.005654045192612589
0.005794502524895329
0.00590042505913102
0.0059711666246720085
0.0060062952193180585
0.006005596179799788
0.0059690737651156844
0.005896951123270711
0.005789668649150315
0.005647880751922241
0.00547245109311989
0.005322732309180456
0.005302826523268855
0.0054550546237259745
0.005639354405779784
0.00579149447573446
0.005910586678098628
0.005995934653200585
0.006047038724461551
0.006063599443288492
0.0060455197190254495
0.005992905514071278
0.005906065089472445
0.005785506804339313
0.00563193551771235
0.005446247642912905
0.005286200820273201
0.004319119487993461
0.005269163262269672
0.005374061424535448
0.005464897450274453
0.005540950731242944
0.0056014919674205466
0.00564577670464228
0.005673035265274962
0.005682461867067001
0.005673204732997483
0.005644359751145522
0.005594971057901965
0.005524042716628763
0.005430566071615406
0.005313567033719657
0.004319119487995238
0.00519207961611956
0.005220502982708375
0.005204886191036984
0.005248537907463824
0.005248393972822285
0.005220746134589227
0.005279328261903249
0.0052987026088602285
0.005278942114675278
0.0052391661043516
0.005312200729862049
0.005351036552618371
0.005350792882756306
0.005311471525224931
0.005259450397752996
0.005346246010774269
0.00540440649991103
0.005423643568693848
0.00540381624316888
0.00534506980645455
0.005280682677900828
0.005380292721187452
0.005457525776591421
0.005496107054730359
0.005495758438915033
0.005456482435598264
0.005378562147953403
0.005301701776243561
0.005412878088057571
0.005508775364539975
0.005566423939816545
0.0055854161932438195
0.005565617777163467
0.005507168722714617
0.005410482288543239
0.005321077253164219
0.005442221290119509
0.005556170863640464
0.005632423118957508
0.0056704508367317885
0.005669990934535463
0.005631046584235744
0.005553887189320594
0.00543904621209057
0.0053370884413306285
0.005466205068402008
0.005597339173382121
0.005691492952011767
0.0057480319894862575
0.0057665750242152924
0.00574699695885128
0.005689429851218009
0.005594261868788752
0.005462134222388837
0.005347712150067352
0.005482373017205333
0.005629513926034058
0.005740573875064214
0.005814826277404261
0.005851784869258303
0.005851207467444386
0.005813097843991866
0.0057377056994534215
0.0056255247259513474
0.005477288797363311
0.005350625873882464
0.005487951797128243
0.0056495607931696945
0.005776185453572058
0.00586702464912614
0.005921502965472669
0.005939275029199553
0.005920228115752213
0.0058644830091179045
0.005772393080871296
0.005644541622427557
0.005481737462865954
0.005343234876169944
0.005479908698233338
0.005654045192612589
0.005794502524895329
0.00590042505913102
0.0059711666246720085
0.0060062952193180585
0.006005596179799788
0.0059690737651156844
0.005896951123270711
0.005789668649150315
0.005647880751922241
0.00547245109311989
0.005322732309180456
0.0054550546237259745
0.005639354405779784
0.00579149447573446
0.005910586678098628
0.005995934653200585
0.006047038724461551
0.006063599443288492
0.0060455197190254495
0.005992905514071278
0.005906065089472445
0.005785506804339313
0.00563193551771235
0.005446247642912905
0.005286200820273201
0.005269163262269672
0.005374061424535448
0.005464897450274453
0.005540950731242944
0.005601491967421879
0.005645776704641392
0.005673035265273629
0.005682461867067001
0.005673204732997039
0.005644359751145522
0.005594971057901077
0.005524042716629651
0.005430566071615406
0.005313567033718769
0.004319119487995238
0.005186320595618188
0.005186320595618188
0.005199297259038005
0.005209173453447846
0.005199297259038449
0.00521542034089606
0.0052375607399444135
0.005237560739946634
0.005215420340896948
0.005234200986632409
0.005268803503973629
0.005288469460755785
0.005268803503973629
0.005234200986632853
0.005254949110972795
0.005302238748073673
0.00534152593600945
0.005341525936008562
0.00530223874807545
0.005254949110972351
0.005276754832879593
0.005336968820352173
0.0053957560264419335
0.005415400084396449
0.005395756026446374
0.005336968820353949
0.005276754832880037
0.005298463856055591
0.005371834669787745
0.005449888748032983
0.005489057984857659
0.005489057984858103
0.005449888748034759
0.0053718346697899655
0.005298463856055591
0.005318652412475977
0.005405385578764577
0.005502320139992634
0.005560758476911953
0.005580284304291361
0.005560758476913286
0.0055023201399921895
0.005405385578766353
0.005318652412475977
0.005335605477465144
0.005435851146996296
0.005551078590730896
0.005628345876434349
0.005667114655071526
0.00566711465507197
0.005628345876435237
0.005551078590730896
0.005435851146997184
0.005335605477465144
0.005347303392016389
0.005461121090436727
0.005593799311768954
0.0056892185754087166
0.005746730813071199
0.005765945110422166
0.005746730813072087
0.005689218575406052
0.00559379931176629
0.005461121090437615
0.005347303392016833
0.005351423731082772
0.005478740251013026
0.005627716994198284
0.0057403183882365205
0.005815801658035635
0.005853668385649602
0.0058536683856473815
0.005815801658034303
0.0057403183882365205
0.005627716994202281
0.0054787402510125816
0.005351423731082772
0.005345366851879696
0.005485928133986295
0.005649687868102049
0.005778153791802687
0.005870506116559593
0.005926154795150573
0.005944743993195445
0.005926154795150573
0.00587050611656359
0.005778153791801799
0.005649687868102049
0.005485928133985851
0.005345366851879696
0.005326314411882027
0.0054796336366087495
0.00565625397768077
0.005798872046589576
0.005906611224290259
0.005978808337847585
0.006015018524628601
0.006015018524628601
0.005978808337849806
0.005906611224291147
0.005798872046590908
0.005656253977681214
0.0054796336366136345
0.005326314411881139
0.005291329528368305
0.005456635456376535
0.005643762237232064
0.005798394889004133
0.005919622208598874
0.006006728672628636
0.006059199503427148
0.006076724347136242
0.0060591995034275925
0.006006728672625972
0.005919622208598874
0.005798394889004133
0.005643762237232064
0.005456635456376091
0.005291329528368305
0.004319119487992573
0.005359243953824588
0.0055593230343591316
0.005727862964355346
0.005863886276809005
0.0059666026695675
0.006035414497628899
0.006069920968157838
0.006069920968157838
0.006035414497628899
0.0059666026695675
0.005863886276809893
0.005727862964355346
0.005559323034357355
0.005359243953824588
0.004319119487992573
0.0051977733737746945
0.005225624446045352
0.005225624446042243
0.005256199647229121
0.005275640642155022
0.005256199647227344
0.005288835137218673
0.005327664349211503
0.005327664349206618
0.005288835137220893
0.005322634136423421
0.005380720731672284
0.0054001302427089115
0.005380720731672284
0.005322634136426085
0.005356441157596148
0.005433541406755005
0.005472230700846126
0.005472230700843905
0.005433541406877129
0.005356441157590375
0.005388812968320611
0.00548452979761338
0.005542231462526637
0.00556151072390465
0.005542231462527969
0.005484529797618709
0.005388812968319279
0.0054179920420511785
0.005531728225750765
0.005607991364694254
0.005646255064022387
0.005646255064012173
0.0056079913646933655
0.005531728225760979
0.005417992042053399
0.0054418880059419195
0.005572794369649969
0.005666933261613494
0.005723671339450398
0.00574262659004221
0.005723671339451286
0.005666933261611273
0.005572794369648637
0.005441888005947693
0.005458074313315464
0.005604995930456269
0.005716035736385461
0.005790468245208569
0.005827806669103097
0.0058278066690995445
0.005790468245211233
0.005716035736388569
0.00560499593046071
0.00545807431343448
0.005463809233519967
0.005625234423325853
0.005751858382742725
0.005842880874042944
0.005897725964858047
0.005916046349445203
0.0058977259648616
0.005842880874037171
0.005751858382738284
0.005625234423323633
0.00546380923351375
0.005456091424391296
0.0056301104479228314
0.005770615096764242
0.005876750174570677
0.005947868766358333
0.005983536945431744
0.005983536945436185
0.005947868766358333
0.005876750174568457
0.005770615096766463
0.005630110447925496
0.005456091424389076
0.005431760103161931
0.005616042381358266
0.005768309356916301
0.0058876726246857025
0.0059734346326143495
0.006025093567609829
0.00604234690598604
0.006025093567616047
0.0059734346326143495
0.005887672624687035
0.005768309356915857
0.005616042381362707
0.005431760103169037
0.005263286822152935
0.005368349435953768
0.005459481260017718
0.005535961546677015
0.00559705995640325
0.005642029752661593
0.00567009728681267
0.005680450554029548
0.00567222865819339
0.005644514760656083
0.005596335967421595
0.005526674440651913
0.005434494493571584
0.005318790139679397
0.004319119487993461
0.005186320595618188
0.005186320595618188
0.005199297259038449
0.005209173453447846
0.005199297259038005
0.005215420340896948
0.0052375607399444135
0.005237560739946634
0.00521542034089606
0.005234200986631965
0.005268803503973629
0.005288469460755785
0.005268803503973629
0.005234200986633297
0.005254949110972351
0.005302238748073673
0.00534152593600945
0.005341525936008562
0.00530223874807545
0.005254949110972795
0.005276754832879593
0.005336968820352173
0.0053957560264419335
0.005415400084396449
0.005395756026446374
0.005336968820353949
0.005276754832880037
0.005298463856055591
0.005371834669787745
0.005449888748032983
0.005489057984857659
0.005489057984858103
0.005449888748034759
0.0053718346697899655
0.005298463856055591
0.005318652412475977
0.005405385578764577
0.005502320139992634
0.005560758476911953
0.005580284304291361
0.005560758476913286
0.0055023201399921895
0.005405385578766353
0.005318652412475977
0.005335605477465144
0.005435851146996296
0.005551078590730896
0.005628345876434349
0.005667114655071526
0.00566711465507197
0.005628345876435237
0.005551078590730896
0.005435851146997184
0.005335605477465144
0.005347303392016833
0.005461121090436727
0.005593799311768954
0.0056892185754087166
0.005746730813071199
0.005765945110422166
0.005746730813072087
0.005689218575406052
0.00559379931176629
0.005461121090437615
0.005347303392016389
0.005351423731082772
0.005478740251013026
0.005627716994198284
0.0057403183882365205
0.005815801658035635
0.005853668385649602
0.0058536683856473815
0.005815801658034303
0.0057403183882365205
0.005627716994202281
0.0054787402510125816
0.005351423731082772
0.005345366851879696
0.005485928133986295
0.005649687868102049
0.005778153791802687
0.005870506116559593
0.005926154795150573
0.005944743993195445
0.005926154795150573
0.00587050611656359
0.005778153791801799
0.005649687868102049
0.005485928133985851
0.005345366851879696
0.005326314411882915
0.0054796336366087495
0.00565625397768077
0.005798872046589576
0.005906611224290259
0.005978808337847585
0.006015018524628601
0.006015018524628601
0.005978808337849806
0.005906611224291147
0.005798872046590908
0.005656253977681214
0.0054796336366136345
0.005326314411880251
0.005291329528368305
0.005456635456376535
0.005643762237232064
0.005798394889004133
0.005919622208598874
0.006006728672628636
0.006059199503427148
0.006076724347136242
0.0060591995034275925
0.006006728672625972
0.005919622208598874
0.005798394889004133
0.005643762237232064
0.005456635456376091
0.005291329528368305
0.00519207961611956
0.005204886191036984
0.0051977733737746945
0.005220746134589227
0.005225624446044019
0.005225624446043131
0.0052391661043516
0.0052561996472269
0.005275640642155466
0.005256199647227344
0.005259450397751664
0.005288835137224446
0.005327664349206618
0.005327664349209282
0.005288835137219561
0.005280682677901716
0.005322634136427862
0.005380720731668731
0.005400130242707579
0.0053807207316705075
0.005322634136424753
0.005301701776244894
0.005356441157592595
0.005433541406877129
0.0054722307008447935
0.005472230700843905
0.005433541406755449
0.005356441157596148
0.005321077253164219
0.005388812968319279
0.005484529797620041
0.005542231462527081
0.00556151072390243
0.005542231462527081
0.00548452979761338
0.005388812968320611
0.005337088441331073
0.005417992042053843
0.005531728225760091
0.005607991364689813
0.005646255064012173
0.005646255064022387
0.005607991364690257
0.005531728225750321
0.005417992042052955
0.005347712150067352
0.005441888005950357
0.005572794369652634
0.005666933261616602
0.005723671339449954
0.00574262659004221
0.005723671339451286
0.005666933261617935
0.0055727943696459725
0.0054418880059419195
0.005350625873883352
0.005458074313434924
0.0056049959304633745
0.0057160357363890135
0.005790468245209457
0.005827806669102653
0.005827806669103097
0.005790468245208125
0.0057160357363841285
0.005604995930458934
0.005458074313314576
0.005343234876169056
0.005463809233527517
0.005625234423322745
0.005751858382738728
0.0058428808740425
0.0058977259648598235
0.005916046349447424
0.0058977259648598235
0.005842880874040723
0.0057518583827400604
0.005625234423325853
0.005463809233521744
0.005322732309180456
0.0054560914243930725
0.005630110447925496
0.00577061509676513
0.005876750174568013
0.005947868766359665
0.005983536945434409
0.005983536945431744
0.005947868766358333
0.005876750174570677
0.005770615096768239
0.0056301104479232755
0.005456091424394849
0.005286200820272313
0.005431760103169925
0.005616042381367148
0.005768309356916301
0.005887672624687923
0.005973434632613905
0.006025093567616047
0.00604234690598604
0.0060250935676102735
0.0059734346326143495
0.005887672624687035
0.005768309356914969
0.005616042381364039
0.005431760103162375
0.004319119487995238
0.005318790139678953
0.0054344944935720285
0.005526674440653689
0.005596335967420707
0.005644514760653863
0.005672228658192946
0.005680450554029548
0.005670097286813114
0.005642029752662037
0.005597059956404582
0.005535961546677015
0.00545948126001683
0.005368349435953768
0.005263286822152935
0.00519207961611956
0.0051977733737746945
0.005204886191036984
0.005225624446045352
0.005225624446042243
0.005220746134589227
0.005256199647229121
0.005275640642155022
0.005256199647227344
0.0052391661043516
0.005288835137218673
0.005327664349211503
0.005327664349206618
0.005288835137220893
0.005259450397752996
0.005322634136423421
0.005380720731672284
0.0054001302427089115
0.005380720731672284
0.005322634136426085
0.005280682677900828
0.005356441157596148
0.005433541406755005
0.005472230700846126
0.005472230700843905
0.005433541406877129
0.005356441157590375
0.005301701776243561
0.005388812968320611
0.00548452979761338
0.005542231462526637
0.00556151072390465
0.005542231462527969
0.005484529797618709
0.005388812968319279
0.005321077253164219
0.0054179920420511785
0.005531728225750765
0.005607991364694254
0.005646255064022387
0.005646255064012173
0.0056079913646933655
0.005531728225760979
0.005417992042053399
0.0053370884413306285
0.0054418880059419195
0.005572794369649969
0.005666933261613494
0.005723671339450398
0.00574262659004221
0.005723671339451286
0.005666933261611273
0.005572794369648637
0.005441888005947693
0.005347712150067352
0.005458074313315464
0.005604995930456269
0.005716035736385461
0.005790468245208569
0.005827806669103097
0.0058278066690995445
0.005790468245211233
0.005716035736388569
0.00560499593046071
0.00545807431343448
0.005350625873882464
0.005463809233519967
0.005625234423325853
0.005751858382742725
0.005842880874042944
0.005897725964858047
0.005916046349445203
0.0058977259648616
0.005842880874037171
0.005751858382738284
0.005625234423323633
0.00546380923351375
0.005343234876169944
0.005456091424391296
0.0056301104479228314
0.005770615096764242
0.005876750174570677
0.005947868766358333
0.005983536945431744
0.005983536945436185
0.005947868766358333
0.005876750174568457
0.005770615096766463
0.005630110447925496
0.005456091424389076
0.005322732309180456
0.005431760103161931
0.005616042381358266
0.005768309356916301
0.0058876726246857025
0.0059734346326143495
0.006025093567609829
0.00604234690598604
0.006025093567616047
0.0059734346326143495
0.005887672624687035
0.005768309356915857
0.005616042381362707
0.005431760103169037
0.005286200820273201
0.005263286822152935
0.005368349435953768
0.005459481260017718
0.005535961546677015
0.00559705995640325
0.005642029752661593
0.00567009728681267
0.005680450554029548
0.00567222865819339
0.005644514760656083
0.005596335967421595
0.005526674440651913
0.005434494493571584
0.005318790139679397
0.004319119487995238
0.005203440044674323
0.005216371374102913
0.005220502982708375
0.005232423657774987
0.005248537907463824
0.005248393972822285
0.005251101322227392
0.005279328261903249
0.0052987026088602285
0.005278942114675278
0.005271705436358687
0.005312200729862049
0.005351036552618371
0.005350792882756306
0.005311471525224931
0.005293315215800121
0.005346246010774269
0.00540440649991103
0.005423643568693848
0.00540381624316888
0.00534506980645455
0.005314763580680726
0.005380292721187452
0.005457525776591421
0.005496107054730359
0.005495758438915033
0.005456482435598264
0.005378562147953403
0.005334612449841458
0.005412878088057571
0.005508775364539975
0.005566423939816545
0.0055854161932438195
0.005565617777163467
0.005507168722714617
0.005410482288543239
0.0053511315564591655
0.005442221290119509
0.005556170863640464
0.005632423118957508
0.0056704508367317885
0.005669990934535463
0.005631046584235744
0.005553887189320594
0.00543904621209057
0.005362286012076112
0.005466205068402008
0.005597339173382121
0.005691492952011767
0.0057480319894862575
0.0057665750242152924
0.00574699695885128
0.005689429851218009
0.005594261868788752
0.005462134222388837
0.005365739527094959
0.005482373017205333
0.005629513926034058
0.005740573875064214
0.005814826277404261
0.005851784869258303
0.005851207467444386
0.005813097843991866
0.0057377056994534215
0.0056255247259513474
0.005477288797363311
0.005358881742850485
0.005487951797128243
0.0056495607931696945
0.005776185453572058
0.00586702464912614
0.005921502965472669
0.005939275029199553
0.005920228115752213
0.0058644830091179045
0.005772393080871296
0.005644541622427557
0.005481737462865954
0.005338888928648977
0.005479908698233338
0.005654045192612589
0.005794502524895329
0.00590042505913102
0.0059711666246720085
0.0060062952193180585
0.006005596179799788
0.0059690737651156844
0.005896951123270711
0.005789668649150315
0.005647880751922241
0.00547245109311989
0.005302826523268855
0.0054550546237259745
0.005639354405779784
0.00579149447573446
0.005910586678098628
0.005995934653200585
0.006047038724461551
0.006063599443288492
0.0060455197190254495
0.005992905514071278
0.005906065089472445
0.005785506804339313
0.00563193551771235
0.005446247642912905
0.004319119487993461
0.005269163262269672
0.005374061424535448
0.005464897450274453
0.005540950731242944
0.005601491967421879
0.005645776704641392
0.005673035265273629
0.005682461867067001
0.005673204732997039
0.005644359751145522
0.005594971057901077
0.005524042716629651
0.005430566071615406
0.005313567033719657
0.005220502982708375
0.005248537907463824
0.005248393972822285
0.005279328261903249
0.0052987026088602285
0.005278942114675278
0.005312200729862049
0.005351036552618371
0.005350792882756306
0.005311471525224931
0.005346246010774269
0.00540440649991103
0.005423643568693848
0.00540381624316888
0.00534506980645455
0.005380292721187452
0.005457525776591421
0.005496107054730359
0.005495758438915033
0.005456482435598264
0.005378562147953403
0.005412878088057571
0.005508775364539975
0.005566423939816545
0.0055854161932438195
0.005565617777163467
0.005507168722714617
0.005410482288543239
0.005442221290119509
0.005556170863640464
0.005632423118957508
0.0056704508367317885
0.005669990934535463
0.005631046584235744
0.005553887189320594
0.00543904621209057
0.005466205068402008
0.005597339173382121
0.005691492952011767
0.0057480319894862575
0.0057665750242152924
0.00574699695885128
0.005689429851218009
0.005594261868788752
0.005462134222388837
0.005482373017205333
0.005629513926034058
0.005740573875064214
0.005814826277404261
0.005851784869258303
0.005851207467444386
0.005813097843991866
0.0057377056994534215
0.0056255247259513474
0.005477288797363311
0.005487951797128243
0.0056495607931696945
0.005776185453572058
0.00586702464912614
0.005921502965472669
0.005939275029199553
0.005920228115752213
0.0058644830091179045
0.005772393080871296
0.005644541622427557
0.005481737462865954
0.005479908698233338
0.005654045192612589
0.005794502524895329
0.00590042505913102
0.0059711666246720085
0.0060062952193180585
0.006005596179799788
0.0059690737651156844
0.005896951123270711
0.005789668649150315
0.005647880751922241
0.00547245109311989
0.0054550546237259745
0.005639354405779784
0.00579149447573446
0.005910586678098628
0.005995934653200585
0.006047038724461551
0.006063599443288492
0.0060455197190254495
0.005992905514071278
0.005906065089472445
0.005785506804339313
0.00563193551771235
0.005446247642912905
0.005269163262269672
0.005374061424535448
0.005464897450274453
0.005540950731242944
0.005601491967421879
0.005645776704641392
0.005673035265273629
0.005682461867067001
0.005673204732997039
0.005644359751145522
0.005594971057901077
0.005524042716629651
0.005430566071615406
0.005313567033719657
0.005269045842661413
0.005281341999250344
0.005373938367945197
0.005220502982708819
0.005387847204231022
0.005464807053709997
0.005248393972820953
0.0052485379074656
0.0054801433110651665
0.0055409266642652
0.005278942114672613
0.00529870260885934
0.005279328261903249
0.005557493799518198
0.005601561243181674
0.005311471525225819
0.005350792882757194
0.0053510365526201475
0.005312200729867378
0.0056191540529630934
0.0056459575976806065
0.005345069806454994
0.0054038162431631065
0.005423643568692071
0.0054044064999150265
0.005346246010771605
0.005664364856714066
0.005673335206997532
0.005378562147954291
0.00545648243559782
0.005495758438914589
0.005496107054733912
0.005457525776593641
0.005380292721187452
0.005692342274419282
0.005682875394716458
0.0054104822885352455
0.005507168722715505
0.005565617777164356
0.0055854161932438195
0.005566423939815213
0.005508775364539975
0.005412878088060236
0.005702266709000536
0.005673711622060207
0.005439046212092791
0.00555388718932015
0.005631046584235744
0.005669990934536795
0.005670450836729568
0.005632423118961061
0.005556170863639576
0.005442221290121729
0.005693273027044032
0.00564492351870749
0.005462134222391946
0.005594261868784756
0.005689429851216676
0.00574699695885128
0.005766575024213516
0.005748031989486702
0.005691492952011767
0.005597339173382565
0.005466205068400232
0.00566444434082225
0.005595538110212406
0.005477288797356206
0.005625524725949127
0.005737705699452977
0.00581309784399231
0.005851207467449271
0.005851784869253418
0.005814826277402929
0.00574057387506377
0.005629513926032281
0.005482373017208886
0.005614812901952426
0.005524542464946158
0.00548173746286329
0.0056445416224208955
0.005772393080871296
0.005864483009110799
0.005920228115755766
0.0059392750292004415
0.005921502965472669
0.00586702464912614
0.0057761854535693935
0.0056495607931696945
0.005487951797129131
0.005543372353602916
0.005430912390871789
0.00547245109312211
0.005647880751918244
0.005789668649152091
0.005896951123267602
0.005969073765109023
0.006005596179807338
0.006006295219316726
0.005971166624674673
0.00590042505913102
0.0057945025248899995
0.005654045192612145
0.005479908698230673
0.005449105981501834
0.005313661431582517
0.005446247642915125
0.0056319355177110175
0.005785506804339313
0.005906065089474222
0.005992905514076607
0.006045519719026782
0.006063599443288492
0.006047038724460219
0.005995934653200141
0.005910586678210539
0.005791494475735792
0.005639354405782893
0.0054550546237259745
0.005331035238548498
0.004319119487992573
0.005341027645031193
0.0055387461533067395
0.005705350305405865
0.005839883294229686
0.005941571119784772
0.006009827913727062
0.0060442600086219045
0.006044668696028932
0.006011051624420283
0.005943602812854998
0.0058427112911561
0.005708958369396111
0.005543113601444549
0.005346129488812412
0.005186320595618188
0.005199297259038449
0.0051977733737746945
0.005215420340896948
0.005225624446045352
0.005225624446042243
0.005234200986631965
0.005256199647229121
0.005275640642155022
0.005256199647227344
0.005254949110972351
0.005288835137218673
0.005327664349211503
0.005327664349206618
0.005288835137220893
0.005276754832879593
0.005322634136423421
0.005380720731672284
0.0054001302427089115
0.005380720731672284
0.005322634136426085
0.005298463856055591
0.005356441157596148
0.005433541406755005
0.005472230700846126
0.005472230700843905
0.005433541406877129
0.005356441157590375
0.005318652412475977
0.005388812968320611
0.00548452979761338
0.005542231462526637
0.00556151072390465
0.005542231462527969
0.005484529797618709
0.005388812968319279
0.005335605477465144
0.0054179920420511785
0.005531728225750765
0.005607991364694254
0.005646255064022387
0.005646255064012173
0.0056079913646933655
0.005531728225760979
0.005417992042053399
0.005347303392016833
0.0054418880059419195
0.005572794369649969
0.005666933261613494
0.005723671339450398
0.00574262659004221
0.005723671339451286
0.005666933261611273
0.005572794369648637
0.005441888005947693
0.005351423731082772
0.005458074313315464
0.005604995930456269
0.005716035736385461
0.005790468245208569
0.005827806669103097
0.0058278066690995445
0.005790468245211233
0.005716035736388569
0.00560499593046071
0.00545807431343448
0.005345366851879696
0.005463809233519967
0.005625234423325853
0.005751858382742725
0.005842880874042944
0.005897725964858047
0.005916046349445203
0.0058977259648616
0.005842880874037171
0.005751858382738284
0.005625234423323633
0.00546380923351375
0.005326314411882915
0.005456091424391296
0.0056301104479228314
0.005770615096764242
0.005876750174570677
0.005947868766358333
0.005983536945431744
0.005983536945436185
0.005947868766358333
0.005876750174568457
0.005770615096766463
0.005630110447925496
0.005456091424389076
0.005291329528368305
0.005431760103161931
0.005616042381358266
0.005768309356916301
0.0058876726246857025
0.0059734346326143495
0.006025093567609829
0.00604234690598604
0.006025093567616047
0.0059734346326143495
0.005887672624687035
0.005768309356915857
0.005616042381362707
0.005431760103169037
0.005186320595618188
0.005209173453447846
0.005199297259038449
0.0052375607399444135
0.005237560739946634
0.005215420340896948
0.005268803503973629
0.005288469460755785
0.005268803503973629
0.005234200986632853
0.005302238748073673
0.00534152593600945
0.005341525936008562
0.00530223874807545
0.005254949110972351
0.005336968820352173
0.0053957560264419335
0.005415400084396449
0.005395756026446374
0.005336968820353949
0.005276754832880037
0.005371834669787745
0.005449888748032983
0.005489057984857659
0.005489057984858103
0.005449888748034759
0.0053718346697899655
0.005298463856055591
0.005405385578764577
0.005502320139992634
0.005560758476911953
0.005580284304291361
0.005560758476913286
0.0055023201399921895
0.005405385578766353
0.005318652412475977
0.005435851146996296
0.005551078590730896
0.005628345876434349
0.005667114655071526
0.00566711465507197
0.005628345876435237
0.005551078590730896
0.005435851146997184
0.005335605477465144
0.005461121090436727
0.005593799311768954
0.0056892185754087166
0.005746730813071199
0.005765945110422166
0.005746730813072087
0.005689218575406052
0.00559379931176629
0.005461121090437615
0.005347303392016833
0.005478740251013026
0.005627716994198284
0.0057403183882365205
0.005815801658035635
0.005853668385649602
0.0058536683856473815
0.005815801658034303
0.0057403183882365205
0.005627716994202281
0.0054787402510125816
0.005351423731082772
0.005485928133986295
0.005649687868102049
0.005778153791802687
0.005870506116559593
0.005926154795150573
0.005944743993195445
0.005926154795150573
0.00587050611656359
0.005778153791801799
0.005649687868102049
0.005485928133985851
0.005345366851879696
0.0054796336366087495
0.00565625397768077
0.005798872046589576
0.005906611224290259
0.005978808337847585
0.006015018524628601
0.006015018524628601
0.005978808337849806
0.005906611224291147
0.005798872046590908
0.005656253977681214
0.0054796336366136345
0.005326314411881139
0.005456635456376535
0.005643762237232064
0.005798394889004133
0.005919622208598874
0.006006728672628636
0.006059199503427148
0.006076724347136242
0.0060591995034275925
0.006006728672625972
0.005919622208598874
0.005798394889004133
0.005643762237232064
0.005456635456376091
0.005291329528368305
0.005359243953824588
0.0055593230343591316
0.005727862964355346
0.005863886276809005
0.0059666026695675
0.006035414497628899
0.006069920968157838
0.006069920968157838
0.006035414497628899
0.0059666026695675
0.005863886276809893
0.005727862964355346
0.005559323034357355
0.005359243953824588
0.004319119487992573
0.0051977733737746945
0.005225624446045352
0.005225624446042243
0.005256199647229121
0.005275640642155022
0.005256199647227344
0.005288835137218673
0.005327664349211503
0.005327664349206618
0.005288835137220893
0.005322634136423421
0.005380720731672284
0.0054001302427089115
0.005380720731672284
0.005322634136426085
0.005356441157596148
0.005433541406755005
0.005472230700846126
0.005472230700843905
0.005433541406877129
0.005356441157590375
0.005388812968320611
0.00548452979761338
0.005542231462526637
0.00556151072390465
0.005542231462527969
0.005484529797618709
0.005388812968319279
0.0054179920420511785
0.005531728225750765
0.005607991364694254
0.005646255064022387
0.005646255064012173
0.0056079913646933655
0.005531728225760979
0.005417992042053399
0.0054418880059419195
0.005572794369649969
0.005666933261613494
0.005723671339450398
0.00574262659004221
0.005723671339451286
0.005666933261611273
0.005572794369648637
0.005441888005947693
0.005458074313315464
0.005604995930456269
0.005716035736385461
0.005790468245208569
0.005827806669103097
0.0058278066690995445
0.005790468245211233
0.005716035736388569
0.00560499593046071
0.00545807431343448
0.005463809233519967
0.005625234423325853
0.005751858382742725
0.005842880874042944
0.005897725964858047
0.005916046349445203
0.0058977259648616
0.005842880874037171
0.005751858382738284
0.005625234423323633
0.00546380923351375
0.005456091424391296
0.0056301104479228314
0.005770615096764242
0.005876750174570677
0.005947868766358333
0.005983536945431744
0.005983536945436185
0.005947868766358333
0.005876750174568457
0.005770615096766463
0.005630110447925496
0.005456091424389076
0.005431760103161931
0.005616042381358266
0.005768309356916301
0.0058876726246857025
0.0059734346326143495
0.006025093567609829
0.00604234690598604
0.006025093567616047
0.0059734346326143495
0.005887672624687035
0.005768309356915857
0.005616042381362707
0.005431760103169037
0.005263286822152935
0.005368349435953768
0.005459481260017718
0.005535961546677015
0.00559705995640325
0.005642029752661593
0.00567009728681267
0.005680450554029548
0.00567222865819339
0.005644514760656083
0.005596335967421595
0.005526674440651913
0.005434494493571584
0.005318790139679397
0.005263286822152935
0.005209173453446958
0.005368349435953768
0.005237560739944858
0.005237560739950187
0.00545948126001683
0.005268803503976738
0.005288469460754008
0.005268803503976738
0.005535961546676127
0.005302238748074117
0.00534152593600945
0.005341525936008562
0.005302238748073673
0.005597059956403694
0.005336968820352173
0.0053957560264419335
0.0054154000843991135
0.005395756026448151
0.005336968820354393
0.005642029752662037
0.005371834669787745
0.005449888748034759
0.005489057984858103
0.0054890579848585475
0.005449888748034759
0.00537183466979041
0.005670097286813114
0.005405385578765021
0.005502320139989969
0.005560758476910621
0.0055802843042895844
0.005560758476911953
0.005502320139990413
0.005405385578766797
0.005680450554029548
0.005435851146996296
0.00555107859073134
0.005628345876434793
0.0056671146550706375
0.005667114655072414
0.005628345876436569
0.00555107859073134
0.0054358511469958515
0.005672228658192946
0.00546112109043273
0.005593799311772951
0.00568921857540694
0.005746730813070311
0.005765945110422166
0.005746730813070311
0.005689218575411381
0.005593799311771175
0.005461121090428733
0.005644514760656527
0.005478740251014802
0.005627716994196952
0.0057403183882365205
0.005815801658034747
0.005853668385650046
0.005853668385646937
0.005815801658034747
0.005740318388236076
0.005627716994202281
0.005478740251015246
0.005596335967421595
0.005485928133985407
0.005649687868102049
0.005778153791801355
0.005870506116559593
0.005926154795149685
0.0059447439931936685
0.005926154795149685
0.00587050611656359
0.005778153791801355
0.005649687868102049
0.005485928133985407
0.0055266744406541335
0.005479633636609638
0.00565625397768077
0.005798872046589576
0.005906611224288927
0.005978808337847585
0.006015018524628601
0.006015018524628601
0.00597880833785025
0.005906611224290703
0.00579887204659002
0.005656253977681214
0.005479633636612746
0.005434494493569808
0.005456635456376091
0.005643762237232508
0.005798394889004133
0.00591962220859843
0.006006728672619754
0.006059199503427148
0.006076724347136242
0.0060591995034275925
0.006006728672625972
0.005919622208599318
0.005798394889004133
0.005643762237231176
0.005456635456375647
0.005318790139679397
0.005359243953825477
0.0055593230343591316
0.005727862964355346
0.005863886276809005
0.0059666026695675
0.006035414497628899
0.006069920968157838
0.006069920968157838
0.006035414497628899
0.0059666026695675
0.005863886276809893
0.005727862964355346
0.005559323034357355
0.005359243953825477
0.005263286822152935
0.005209173453446958
0.005368349435953768
0.005237560739944858
0.005237560739950187
0.00545948126001683
0.005268803503976738
0.005288469460754008
0.005268803503976738
0.005535961546676127
0.005302238748074117
0.00534152593600945
0.005341525936008562
0.005302238748073673
0.005597059956403694
0.005336968820352173
0.0053957560264419335
0.0054154000843991135
0.005395756026448151
0.005336968820354393
0.005642029752662037
0.005371834669787745
0.005449888748034759
0.005489057984858103
0.0054890579848585475
0.005449888748034759
0.00537183466979041
0.005670097286813114
0.005405385578765021
0.005502320139989969
0.005560758476910621
0.0055802843042895844
0.005560758476911953
0.005502320139990413
0.005405385578766797
0.005680450554029548
0.005435851146996296
0.00555107859073134
0.005628345876434793
0.0056671146550706375
0.005667114655072414
0.005628345876436569
0.00555107859073134
0.0054358511469958515
0.005672228658192946
0.00546112109043273
0.005593799311772951
0.00568921857540694
0.005746730813070311
0.005765945110422166
0.005746730813070311
0.005689218575411381
0.005593799311771175
0.005461121090428733
0.005644514760656527
0.005478740251014802
0.005627716994196952
0.0057403183882365205
0.005815801658034747
0.005853668385650046
0.005853668385646937
0.005815801658034747
0.005740318388236076
0.005627716994202281
0.005478740251015246
0.005596335967421595
0.005485928133985407
0.005649687868102049
0.005778153791801355
0.005870506116559593
0.005926154795149685
0.0059447439931936685
0.005926154795149685
0.00587050611656359
0.005778153791801355
0.005649687868102049
0.005485928133985407
0.0055266744406541335
0.005479633636609638
0.00565625397768077
0.005798872046589576
0.005906611224288927
0.005978808337847585
0.006015018524628601
0.006015018524628601
0.00597880833785025
0.005906611224290703
0.00579887204659002
0.005656253977681214
0.005479633636612746
0.005434494493569808
0.005456635456376091
0.005643762237232508
0.005798394889004133
0.00591962220859843
0.006006728672619754
0.006059199503427148
0.006076724347136242
0.0060591995034275925
0.006006728672625972
0.005919622208599318
0.005798394889004133
0.005643762237231176
0.005456635456375647
0.005318790139679397
0.0051977733737746945
0.005225624446044019
0.005225624446043131
0.0052561996472269
0.005275640642155466
0.005256199647227344
0.005288835137224446
0.005327664349206618
0.005327664349209282
0.005288835137219561
0.005322634136427862
0.005380720731668731
0.005400130242707579
0.0053807207316705075
0.005322634136424753
0.005356441157592595
0.005433541406877129
0.0054722307008447935
0.005472230700843905
0.005433541406755449
0.005356441157596148
0.005388812968319279
0.005484529797620041
0.005542231462527081
0.00556151072390243
0.005542231462527081
0.00548452979761338
0.005388812968320611
0.005417992042053843
0.005531728225760091
0.005607991364689813
0.005646255064012173
0.005646255064022387
0.005607991364690257
0.005531728225750321
0.005417992042052955
0.005441888005950357
0.005572794369652634
0.005666933261616602
0.005723671339449954
0.00574262659004221
0.005723671339451286
0.005666933261617935
0.0055727943696459725
0.0054418880059419195
0.005458074313434924
0.0056049959304633745
0.0057160357363890135
0.005790468245209457
0.005827806669102653
0.005827806669103097
0.005790468245208125
0.0057160357363841285
0.005604995930458934
0.005458074313314576
0.005463809233527517
0.005625234423322745
0.005751858382738728
0.0058428808740425
0.0058977259648598235
0.005916046349447424
0.0058977259648598235
0.005842880874040723
0.0057518583827400604
0.005625234423325853
0.005463809233521744
0.0054560914243930725
0.005630110447925496
0.00577061509676513
0.005876750174568013
0.005947868766359665
0.005983536945434409
0.005983536945431744
0.005947868766358333
0.005876750174570677
0.005770615096768239
0.0056301104479232755
0.005456091424394849
0.005431760103169925
0.005616042381367148
0.005768309356915857
0.005887672624687923
0.005973434632614794
0.006025093567616047
0.00604234690598604
0.0060250935676102735
0.0059734346326143495
0.0058876726246857025
0.005768309356914969
0.005616042381364039
0.005431760103162375
0.005209173453446958
0.005237560739944858
0.005237560739950187
0.005268803503976738
0.005288469460754008
0.005268803503976738
0.005302238748074117
0.00534152593600945
0.005341525936008562
0.005302238748073673
0.005336968820352173
0.0053957560264419335
0.0054154000843991135
0.005395756026448151
0.005336968820354393
0.005371834669787745
0.005449888748034759
0.005489057984858103
0.0054890579848585475
0.005449888748034759
0.00537183466979041
0.005405385578765021
0.005502320139989969
0.005560758476910621
0.0055802843042895844
0.005560758476911953
0.005502320139990413
0.005405385578766797
0.005435851146996296
0.00555107859073134
0.005628345876434793
0.0056671146550706375
0.005667114655072414
0.005628345876436569
0.00555107859073134
0.0054358511469958515
0.00546112109043273
0.005593799311772951
0.00568921857540694
0.005746730813070311
0.005765945110422166
0.005746730813070311
0.005689218575411381
0.005593799311771175
0.005461121090428733
0.005478740251014802
0.005627716994196952
0.0057403183882365205
0.005815801658034747
0.005853668385650046
0.005853668385646937
0.005815801658034747
0.005740318388236076
0.005627716994202281
0.005478740251015246
0.005485928133985407
0.005649687868102049
0.005778153791801355
0.005870506116559593
0.005926154795149685
0.0059447439931936685
0.005926154795149685
0.00587050611656359
0.005778153791801355
0.005649687868102049
0.005485928133985851
0.005479633636609638
0.00565625397768077
0.005798872046589576
0.005906611224288927
0.005978808337847585
0.006015018524628601
0.006015018524628601
0.00597880833785025
0.005906611224290703
0.00579887204659002
0.005656253977681214
0.00547963363661319
0.005456635456376091
0.005643762237232508
0.005798394889004133
0.00591962220859843
0.006006728672619754
0.006059199503427148
0.006076724347136242
0.0060591995034275925
0.006006728672625972
0.005919622208599318
0.005798394889004133
0.005643762237231176
0.005456635456375647
0.005186320595618188
0.0051977733737746945
0.005199297259038005
0.005225624446044019
0.005225624446043131
0.00521542034089606
0.0052561996472269
0.005275640642155466
0.005256199647227344
0.005234200986633297
0.005288835137224446
0.005327664349206618
0.005327664349209282
0.005288835137219561
0.005254949110972795
0.005322634136427862
0.005380720731668731
0.005400130242707579
0.0053807207316705075
0.005322634136424753
0.005276754832880037
0.005356441157592595
0.005433541406877129
0.0054722307008447935
0.005472230700843905
0.005433541406755449
0.005356441157596148
0.005298463856055591
0.005388812968319279
0.005484529797620041
0.005542231462527081
0.00556151072390243
0.005542231462527081
0.00548452979761338
0.005388812968320611
0.005318652412475977
0.005417992042053843
0.005531728225760091
0.005607991364689813
0.005646255064012173
0.005646255064022387
0.005607991364690257
0.005531728225750321
0.005417992042052955
0.005335605477465144
0.005441888005950357
0.005572794369652634
0.005666933261616602
0.005723671339449954
0.00574262659004221
0.005723671339451286
0.005666933261617935
0.0055727943696459725
0.0054418880059419195
0.005347303392016389
0.005458074313434924
0.0056049959304633745
0.0057160357363890135
0.005790468245209457
0.005827806669102653
0.005827806669103097
0.005790468245208125
0.0057160357363841285
0.005604995930458934
0.005458074313314576
0.005351423731082772
0.005463809233527517
0.005625234423322745
0.005751858382738728
0.0058428808740425
0.0058977259648598235
0.005916046349447424
0.0058977259648598235
0.005842880874040723
0.0057518583827400604
0.005625234423325853
0.005463809233521744
0.005345366851879696
0.0054560914243930725
0.005630110447925496
0.00577061509676513
0.005876750174568013
0.005947868766359665
0.005983536945434409
0.005983536945431744
0.005947868766358333
0.005876750174570677
0.005770615096768239
0.0056301104479232755
0.005456091424394849
0.005326314411880251
0.005431760103169925
0.005616042381367148
0.005768309356915857
0.005887672624687923
0.005973434632614794
0.006025093567616047
0.00604234690598604
0.0060250935676102735
0.0059734346326143495
0.0058876726246857025
0.005768309356914969
0.005616042381364039
0.005431760103162375
0.005291329528368305
0.005186320595618188
0.005199297259038449
0.005209173453447846
0.005215420340896948
0.0052375607399444135
0.005237560739946634
0.005234200986631965
0.005268803503973629
0.005288469460755785
0.005268803503973629
0.005254949110972351
0.005302238748073673
0.00534152593600945
0.005341525936008562
0.00530223874807545
0.005276754832879593
0.005336968820352173
0.0053957560264419335
0.005415400084396449
0.005395756026446374
0.005336968820353949
0.005298463856055591
0.005371834669787745
0.005449888748032983
0.005489057984857659
0.005489057984858103
0.005449888748034759
0.0053718346697899655
0.005318652412475977
0.005405385578764577
0.005502320139992634
0.005560758476911953
0.005580284304291361
0.005560758476913286
0.0055023201399921895
0.005405385578766353
0.005335605477465144
0.005435851146996296
0.005551078590730896
0.005628345876434349
0.005667114655071526
0.00566711465507197
0.005628345876435237
0.005551078590730896
0.005435851146997184
0.005347303392016833
0.005461121090436727
0.005593799311768954
0.0056892185754087166
0.005746730813071199
0.005765945110422166
0.005746730813072087
0.005689218575406052
0.00559379931176629
0.005461121090437615
0.005351423731082772
0.005478740251013026
0.005627716994198284
0.0057403183882365205
0.005815801658035635
0.005853668385649602
0.0058536683856473815
0.005815801658034303
0.0057403183882365205
0.005627716994202281
0.0054787402510125816
0.005345366851879696
0.005485928133986295
0.005649687868102049
0.005778153791802687
0.005870506116559593
0.005926154795150573
0.005944743993195445
0.005926154795150573
0.00587050611656359
0.005778153791801799
0.005649687868102049
0.005485928133985851
0.005326314411882915
0.0054796336366087495
0.00565625397768077
0.005798872046589576
0.005906611224290259
0.005978808337847585
0.006015018524628601
0.006015018524628601
0.005978808337849806
0.005906611224291147
0.005798872046590908
0.005656253977681214
0.0054796336366136345
0.005291329528368305
0.005456635456376535
0.005643762237232064
0.005798394889004133
0.005919622208598874
0.006006728672628636
0.006059199503427148
0.006076724347136242
0.0060591995034275925
0.006006728672625972
0.005919622208598874
0.005798394889004133
0.005643762237232064
0.005456635456376091
0.0051977733737746945
0.005225624446045352
0.005225624446042243
0.005256199647229121
0.005275640642155022
0.005256199647227344
0.005288835137218673
0.005327664349211503
0.005327664349206618
0.005288835137220893
0.005322634136423421
0.005380720731672284
0.0054001302427089115
0.005380720731672284
0.005322634136426085
0.005356441157596148
0.005433541406755005
0.005472230700846126
0.005472230700843905
0.005433541406877129
0.005356441157590375
0.005388812968320611
0.00548452979761338
0.005542231462526637
0.00556151072390465
0.005542231462527969
0.005484529797618709
0.005388812968319279
0.0054179920420511785
0.005531728225750765
0.005607991364694254
0.005646255064022387
0.005646255064012173
0.0056079913646933655
0.005531728225760979
0.005417992042053399
0.0054418880059419195
0.005572794369649969
0.005666933261613494
0.005723671339450398
0.00574262659004221
0.005723671339451286
0.005666933261611273
0.005572794369648637
0.005441888005947693
0.005458074313315464
0.005604995930456269
0.005716035736385461
0.005790468245208569
0.005827806669103097
0.0058278066690995445
0.005790468245211233
0.005716035736388569
0.00560499593046071
0.00545807431343448
0.005463809233519967
0.005625234423325853
0.005751858382742725
0.005842880874042944
0.005897725964858047
0.005916046349445203
0.0058977259648616
0.005842880874037171
0.005751858382738284
0.005625234423323633
0.00546380923351375
0.005456091424391296
0.0056301104479228314
0.005770615096764242
0.005876750174570677
0.005947868766358333
0.005983536945431744
0.005983536945436185
0.005947868766358333
0.005876750174568457
0.005770615096766463
0.005630110447925496
0.005456091424389076
0.005431760103161931
0.005616042381358266
0.005768309356916301
0.005887672624687035
0.0059734346326143495
0.006025093567609829
0.00604234690598604
0.006025093567616047
0.005973434632613461
0.005887672624687035
0.005768309356916301
0.005616042381362707
0.0054317601031685925
