0.002598319114294867
0.004319820645212857
0.004319820645212857
0.005160673497686119
0.004982551830464033
0.005160673497686119
0.006123418554459192
0.005976664118597874
0.005976664118598318
0.006123418554459192
0.007178065963649338
0.007105981939365069
0.0072260695923827
0.007105981939364625
0.007178065963649338
0.008258878194255637
0.008321618999214575
0.00863903732361404
0.00863903732361404
0.008321618999215019
0.008258878194255637
0.009259381676503864
0.009526755454948965
0.010134501969012
0.010351459037786448
0.010134501969011556
0.009526755454949853
0.009259381676503864
0.010043286709910504
0.010576201970687205
0.011561283416707369
0.01211207831317962
0.012112078313180508
0.011561283416706924
0.010576201970687205
0.010043286709910504
0.010477289581883653
0.01130120152415337
0.012707537473515718
0.013696005408769363
0.014053939826161432
0.013696005408769363
0.012707537473515718
0.01130120152415337
0.010477289581883653
0.010477289581880989
0.011561283026122027
0.013352836480306607
0.014817747459618502
0.01565227844885353
0.01565227844885264
0.014817747459614061
0.013352836480306607
0.011561283026124247
0.010477289581883653
0.01004328670991228
0.011301201524148485
0.013352836480307051
0.015225621690166058
0.01656689782562637
0.01705760285158675
0.016566897825625038
0.01522562169016739
0.013352836480306607
0.011301201524152038
0.01004328670991228
0.009259381676641532
0.010576201970688981
0.012707537473513053
0.014817747459660247
0.016566897825628146
0.017572596889916525
0.017572596889915637
0.01656689782562859
0.014817747459615394
0.01270753747351705
0.010576201970688537
0.009259381676641532
0.008258878194257413
0.00952675545495385
0.011561283416607004
0.013696005408823098
0.015652278448896606
0.017057602851589415
0.017572596889916525
0.017057602851589415
0.01565227844885486
0.013696005408821321
0.011561283416657187
0.00952675545495385
0.008258878194257413
0.007178065963646674
0.008321618999211022
0.010134501969013776
0.012112078313178287
0.014053939826159212
0.015652278448857082
0.016566897825636584
0.016566897825636584
0.01565227844885353
0.014053939826160544
0.012112078313179175
0.010134501969013332
0.008321618999211022
0.007178065963650226
0.006123418554461857
0.007105981939363737
0.008639037323608267
0.010351459037789557
0.012112078313177843
0.013696005408819545
0.014817747459608732
0.015225621690167834
0.01481774745960962
0.013696005408822653
0.01211207831317962
0.010351459037788224
0.0086390373236096
0.007105981939363737
0.006123418554460969
0.005160673497686119
0.005976664118597874
0.0072260695923827
0.008639037323610044
0.010134501969010667
0.01156128341665763
0.012707537473515274
0.013352836480307051
0.013352836480307051
0.012707537473513941
0.011561283416607449
0.010134501969012
0.008639037323609156
0.0072260695923849205
0.005976664118597874
0.005160673497686119
0.004319820645211969
0.004982551830456039
0.0059766641185996505
0.007105981939365069
0.008321618999212799
0.009526755454955183
0.010576201970689869
0.011301201524153814
0.011561283026127356
0.011301201524153814
0.010576201970688537
0.009526755454953406
0.008321618999213687
0.007105981939365069
0.005976664118600095
0.004982551830456039
0.004319820645211969
0.002598319114294867
0.004319820645211969
0.005160673497686119
0.0061234185544600805
0.007178065963647562
0.008258878194257413
0.009259381676504752
0.01004328670991228
0.010477289581883653
0.010477289581883653
0.01004328670991228
0.009259381676502088
0.008258878194257413
0.007178065963646674
0.006123418554459192
0.005160673497686119
0.004319820645211969
0.002598319114294867
0.004319820645212857
0.004982551830464033
0.005160673497686119
0.005976664118597874
0.005976664118598318
0.006123418554459192
0.007105981939365069
0.0072260695923827
0.007105981939364625
0.007178065963649338
0.008321618999214575
0.00863903732361404
0.00863903732361404
0.008321618999215019
0.008258878194255637
0.009526755454948965
0.010134501969012
0.010351459037786448
0.010134501969011556
0.009526755454949853
0.009259381676503864
0.010576201970687205
0.011561283416707369
0.01211207831317962
0.012112078313180508
0.011561283416706924
0.010576201970687205
0.010043286709910504
0.01130120152415337
0.012707537473515718
0.013696005408769363
0.014053939826161432
0.013696005408769363
0.012707537473515718
0.01130120152415337
0.010477289581883653
0.011561283026122027
0.013352836480306607
0.014817747459618502
0.01565227844885353
0.01565227844885264
0.014817747459614061
0.013352836480306607
0.011561283026124247
0.010477289581883653
0.011301201524148485
0.013352836480307051
0.015225621690166058
0.01656689782562637
0.01705760285158675
0.016566897825625038
0.01522562169016739
0.013352836480306607
0.011301201524152038
0.01004328670991228
0.010576201970688981
0.012707537473513053
0.014817747459660247
0.016566897825628146
0.017572596889916525
0.017572596889915637
0.01656689782562859
0.014817747459615394
0.01270753747351705
0.010576201970688537
0.009259381676641532
0.00952675545495385
0.011561283416607004
0.013696005408823098
0.015652278448896606
0.017057602851589415
0.017572596889916525
0.017057602851589415
0.01565227844885486
0.013696005408821321
0.011561283416657187
0.00952675545495385
0.008258878194257413
0.008321618999211022
0.010134501969013776
0.012112078313178287
0.014053939826159212
0.015652278448857082
0.016566897825636584
0.016566897825636584
0.01565227844885353
0.014053939826160544
0.012112078313179175
0.010134501969013332
0.008321618999211022
0.007178065963650226
0.007105981939363737
0.008639037323608267
0.010351459037789557
0.012112078313177843
0.013696005408819545
0.014817747459608732
0.015225621690167834
0.01481774745960962
0.013696005408822653
0.01211207831317962
0.010351459037788224
0.0086390373236096
0.007105981939363737
0.006123418554460969
0.005976664118597874
0.0072260695923827
0.008639037323610044
0.010134501969010667
0.01156128341665763
0.012707537473515274
0.013352836480307051
0.013352836480307051
0.012707537473513941
0.011561283416607449
0.010134501969012
0.008639037323609156
0.0072260695923849205
0.005976664118597874
0.005160673497686119
0.004982551830456039
0.0059766641185996505
0.007105981939365069
0.008321618999212799
0.009526755454955183
0.010576201970689869
0.011301201524153814
0.011561283026127356
0.011301201524153814
0.010576201970688537
0.009526755454953406
0.008321618999213687
0.007105981939365069
0.005976664118600095
0.004982551830456039
0.004319820645211969
0.004319820645211969
0.005160673497686119
0.0061234185544600805
0.007178065963647562
0.008258878194257413
0.009259381676504752
0.01004328670991228
0.010477289581883653
0.010477289581883653
0.01004328670991228
0.009259381676502088
0.008258878194257413
0.007178065963646674
0.006123418554459192
0.005160673497686119
0.004319820645211969
0.002598319114294867
0.004319820645212857
0.005160673497686119
0.004982551830464033
0.006123418554459192
0.005976664118597874
0.005976664118598318
0.007178065963649338
0.007105981939365069
0.0072260695923827
0.007105981939364625
0.008258878194255637
0.008321618999214575
0.00863903732361404
0.00863903732361404
0.008321618999215019
0.009259381676503864
0.009526755454948965
0.010134501969012
0.010351459037786448
0.010134501969011556
0.009526755454949853
0.010043286709910504
0.010576201970687205
0.011561283416707369
0.01211207831317962
0.012112078313180508
0.011561283416706924
0.010576201970687205
0.010477289581883653
0.01130120152415337
0.012707537473515718
0.013696005408769363
0.014053939826161432
0.013696005408769363
0.012707537473515718
0.01130120152415337
0.010477289581880989
0.011561283026122027
0.013352836480306607
0.014817747459618502
0.01565227844885353
0.01565227844885264
0.014817747459614061
0.013352836480306607
0.011561283026124247
0.01004328670991228
0.011301201524148485
0.013352836480307051
0.015225621690166058
0.01656689782562637
0.01705760285158675
0.016566897825625038
0.01522562169016739
0.013352836480306607
0.011301201524152038
0.009259381676641532
0.010576201970688981
0.012707537473513053
0.014817747459660247
0.016566897825628146
0.017572596889916525
0.017572596889915637
0.01656689782562859
0.014817747459615394
0.01270753747351705
0.010576201970688537
0.008258878194257413
0.00952675545495385
0.011561283416607004
0.013696005408823098
0.015652278448896606
0.017057602851589415
0.017572596889916525
0.017057602851589415
0.01565227844885486
0.013696005408821321
0.011561283416657187
0.00952675545495385
0.007178065963646674
0.008321618999211022
0.010134501969013776
0.012112078313178287
0.014053939826159212
0.015652278448857082
0.016566897825636584
0.016566897825636584
0.01565227844885353
0.014053939826160544
0.012112078313179175
0.010134501969013332
0.008321618999211022
0.006123418554461857
0.007105981939363737
0.008639037323608267
0.010351459037789557
0.012112078313177843
0.013696005408819545
0.014817747459608732
0.015225621690167834
0.01481774745960962
0.013696005408822653
0.01211207831317962
0.010351459037788224
0.0086390373236096
0.007105981939363737
0.005160673497686119
0.005976664118597874
0.0072260695923827
0.008639037323610044
0.010134501969010667
0.01156128341665763
0.012707537473515274
0.013352836480307051
0.013352836480307051
0.012707537473513941
0.011561283416607449
0.010134501969012
0.008639037323609156
0.0072260695923849205
0.005976664118597874
0.004319820645211969
0.004982551830456039
0.0059766641185996505
0.007105981939365069
0.008321618999212799
0.009526755454955183
0.010576201970689869
0.011301201524153814
0.011561283026127356
0.011301201524153814
0.010576201970688537
0.009526755454953406
0.008321618999213687
0.007105981939365069
0.005976664118600095
0.004982551830456039
0.002598319114294867
0.004319820645211969
0.005160673497686119
0.0061234185544600805
0.007178065963647562
0.008258878194257413
0.009259381676504752
0.01004328670991228
0.010477289581883653
0.010477289581883653
0.01004328670991228
0.009259381676502088
0.008258878194257413
0.007178065963646674
0.006123418554459192
0.005160673497686119
0.004319820645211969
0.004982551830464033
0.005976664118597874
0.005976664118598318
0.007105981939365069
0.0072260695923827
0.007105981939364625
0.008321618999214575
0.00863903732361404
0.00863903732361404
0.008321618999215019
0.009526755454948965
0.010134501969012
0.010351459037786448
0.010134501969011556
0.009526755454949853
0.010576201970687205
0.011561283416707369
0.01211207831317962
0.012112078313180508
0.011561283416706924
0.010576201970687205
0.01130120152415337
0.012707537473515718
0.013696005408769363
0.014053939826161432
0.013696005408769363
0.012707537473515718
0.01130120152415337
0.011561283026122027
0.013352836480306607
0.014817747459618502
0.01565227844885353
0.01565227844885264
0.014817747459614061
0.013352836480306607
0.011561283026124247
0.011301201524148485
0.013352836480307051
0.015225621690166058
0.01656689782562637
0.01705760285158675
0.016566897825625038
0.01522562169016739
0.013352836480306607
0.011301201524152038
0.010576201970688981
0.012707537473513053
0.014817747459660247
0.016566897825628146
0.017572596889916525
0.017572596889915637
0.01656689782562859
0.014817747459615394
0.01270753747351705
0.010576201970688537
0.00952675545495385
0.011561283416607004
0.013696005408823098
0.015652278448896606
0.017057602851589415
0.017572596889916525
0.017057602851589415
0.01565227844885486
0.013696005408821321
0.011561283416657187
0.00952675545495385
0.008321618999211022
0.010134501969013776
0.012112078313178287
0.014053939826159212
0.015652278448857082
0.016566897825636584
0.016566897825636584
0.01565227844885353
0.014053939826160544
0.012112078313179175
0.010134501969013332
0.008321618999211022
0.007105981939363737
0.008639037323608267
0.010351459037789557
0.012112078313177843
0.013696005408819545
0.014817747459608732
0.015225621690167834
0.01481774745960962
0.013696005408822653
0.01211207831317962
0.010351459037788224
0.0086390373236096
0.007105981939363737
0.005976664118597874
0.0072260695923827
0.008639037323610044
0.010134501969010667
0.01156128341665763
0.012707537473515274
0.013352836480307051
0.013352836480307051
0.012707537473513941
0.011561283416607449
0.010134501969012
0.008639037323609156
0.0072260695923849205
0.005976664118597874
0.004982551830456039
0.0059766641185996505
0.007105981939365069
0.008321618999212799
0.009526755454955183
0.010576201970689869
0.011301201524153814
0.011561283026127356
0.011301201524153814
0.010576201970688537
0.009526755454953406
0.008321618999213687
0.007105981939365069
0.005976664118600095
0.004982551830456039
0.004319820645211969
0.005160673497686119
0.0061234185544600805
0.007178065963647562
0.008258878194257413
0.009259381676504752
0.01004328670991228
0.010477289581883653
0.010477289581883653
0.01004328670991228
0.009259381676502088
0.008258878194257413
0.007178065963646674
0.006123418554459192
0.005160673497686119
0.004319820645211969
0.002598319114294867
0.004319820645212857
0.004319820645212857
0.005160673497686119
0.004982551830464033
0.005160673497686119
0.006123418554459192
0.005976664118597874
0.005976664118598318
0.006123418554459192
0.007178065963649338
0.007105981939365069
0.0072260695923827
0.007105981939364625
0.007178065963649338
0.008258878194255637
0.008321618999214575
0.00863903732361404
0.00863903732361404
0.008321618999215019
0.008258878194255637
0.009259381676503864
0.009526755454948965
0.010134501969012
0.010351459037786448
0.010134501969011556
0.009526755454949853
0.009259381676503864
0.010043286709910504
0.010576201970687205
0.011561283416707369
0.01211207831317962
0.012112078313180508
0.011561283416706924
0.010576201970687205
0.010043286709910504
0.010477289581883653
0.01130120152415337
0.012707537473515718
0.013696005408769363
0.014053939826161432
0.013696005408769363
0.012707537473515718
0.01130120152415337
0.010477289581883653
0.010477289581880989
0.011561283026122027
0.013352836480306607
0.014817747459618502
0.01565227844885353
0.01565227844885264
0.014817747459614061
0.013352836480306607
0.011561283026124247
0.010477289581883653
0.01004328670991228
0.011301201524148485
0.013352836480307051
0.015225621690166058
0.01656689782562637
0.01705760285158675
0.016566897825625038
0.01522562169016739
0.013352836480306607
0.011301201524152038
0.01004328670991228
0.009259381676641532
0.010576201970688981
0.012707537473513053
0.014817747459660247
0.016566897825628146
0.017572596889916525
0.017572596889915637
0.01656689782562859
0.014817747459615394
0.01270753747351705
0.010576201970688537
0.009259381676641532
0.008258878194257413
0.00952675545495385
0.011561283416607004
0.013696005408823098
0.015652278448896606
0.017057602851589415
0.017572596889916525
0.017057602851589415
0.01565227844885486
0.013696005408821321
0.011561283416657187
0.00952675545495385
0.008258878194257413
0.007178065963646674
0.008321618999211022
0.010134501969013776
0.012112078313178287
0.014053939826159212
0.015652278448857082
0.016566897825636584
0.016566897825636584
0.01565227844885353
0.014053939826160544
0.012112078313179175
0.010134501969013332
0.008321618999211022
0.007178065963650226
0.006123418554461857
0.007105981939363737
0.008639037323608267
0.010351459037789557
0.012112078313177843
0.013696005408819545
0.014817747459608732
0.015225621690167834
0.01481774745960962
0.013696005408822653
0.01211207831317962
0.010351459037788224
0.0086390373236096
0.007105981939363737
0.006123418554460969
0.005160673497686119
0.005976664118597874
0.0072260695923827
0.008639037323610044
0.010134501969010667
0.01156128341665763
0.012707537473515274
0.013352836480307051
0.013352836480307051
0.012707537473513941
0.011561283416607449
0.010134501969012
0.008639037323609156
0.0072260695923849205
0.005976664118597874
0.005160673497686119
0.004319820645211969
0.004982551830456039
0.0059766641185996505
0.007105981939365069
0.008321618999212799
0.009526755454955183
0.010576201970689869
0.011301201524153814
0.011561283026127356
0.011301201524153814
0.010576201970688537
0.009526755454953406
0.008321618999213687
0.007105981939365069
0.005976664118600095
0.004982551830456039
0.004319820645211969
0.004319820645212857
0.004982551830464033
0.005160673497686119
0.005976664118597874
0.005976664118598318
0.006123418554459192
0.007105981939365069
0.0072260695923827
0.007105981939364625
0.007178065963649338
0.008321618999214575
0.00863903732361404
0.00863903732361404
0.008321618999215019
0.008258878194255637
0.009526755454948965
0.010134501969012
0.010351459037786448
0.010134501969011556
0.009526755454949853
0.009259381676503864
0.010576201970687205
0.011561283416707369
0.01211207831317962
0.012112078313180508
0.011561283416706924
0.010576201970687205
0.010043286709910504
0.01130120152415337
0.012707537473515718
0.013696005408769363
0.014053939826161432
0.013696005408769363
0.012707537473515718
0.01130120152415337
0.010477289581883653
0.011561283026122027
0.013352836480306607
0.014817747459618502
0.01565227844885353
0.01565227844885264
0.014817747459614061
0.013352836480306607
0.011561283026124247
0.010477289581883653
0.011301201524148485
0.013352836480307051
0.015225621690166058
0.01656689782562637
0.01705760285158675
0.016566897825625038
0.01522562169016739
0.013352836480306607
0.011301201524152038
0.01004328670991228
0.010576201970688981
0.012707537473513053
0.014817747459660247
0.016566897825628146
0.017572596889916525
0.017572596889915637
0.01656689782562859
0.014817747459615394
0.01270753747351705
0.010576201970688537
0.009259381676641532
0.00952675545495385
0.011561283416607004
0.013696005408823098
0.015652278448896606
0.017057602851589415
0.017572596889916525
0.017057602851589415
0.01565227844885486
0.013696005408821321
0.011561283416657187
0.00952675545495385
0.008258878194257413
0.008321618999211022
0.010134501969013776
0.012112078313178287
0.014053939826159212
0.015652278448857082
0.016566897825636584
0.016566897825636584
0.01565227844885353
0.014053939826160544
0.012112078313179175
0.010134501969013332
0.008321618999211022
0.007178065963650226
0.007105981939363737
0.008639037323608267
0.010351459037789557
0.012112078313177843
0.013696005408819545
0.014817747459608732
0.015225621690167834
0.01481774745960962
0.013696005408822653
0.01211207831317962
0.010351459037788224
0.0086390373236096
0.007105981939363737
0.006123418554460969
0.005976664118597874
0.0072260695923827
0.008639037323610044
0.010134501969010667
0.01156128341665763
0.012707537473515274
0.013352836480307051
0.013352836480307051
0.012707537473513941
0.011561283416607449
0.010134501969012
0.008639037323609156
0.0072260695923849205
0.005976664118597874
0.005160673497686119
0.004982551830456039
0.0059766641185996505
0.007105981939365069
0.008321618999212799
0.009526755454955183
0.010576201970689869
0.011301201524153814
0.011561283026127356
0.011301201524153814
0.010576201970688537
0.009526755454953406
0.008321618999213687
0.007105981939365069
0.005976664118600095
0.004982551830456039
0.004319820645211969
0.004319820645212857
0.005160673497686119
0.004982551830464033
0.006123418554459192
0.005976664118597874
0.005976664118598318
0.007178065963649338
0.007105981939365069
0.0072260695923827
0.007105981939364625
0.008258878194255637
0.008321618999214575
0.00863903732361404
0.00863903732361404
0.008321618999215019
0.009259381676503864
0.009526755454948965
0.010134501969012
0.010351459037786448
0.010134501969011556
0.009526755454949853
0.010043286709910504
0.010576201970687205
0.011561283416707369
0.01211207831317962
0.012112078313180508
0.011561283416706924
0.010576201970687205
0.010477289581883653
0.01130120152415337
0.012707537473515718
0.013696005408769363
0.014053939826161432
0.013696005408769363
0.012707537473515718
0.01130120152415337
0.010477289581880989
0.011561283026122027
0.013352836480306607
0.014817747459618502
0.01565227844885353
0.01565227844885264
0.014817747459614061
0.013352836480306607
0.011561283026124247
0.01004328670991228
0.011301201524148485
0.013352836480307051
0.015225621690166058
0.01656689782562637
0.01705760285158675
0.016566897825625038
0.01522562169016739
0.013352836480306607
0.011301201524152038
0.009259381676641532
0.010576201970688981
0.012707537473513053
0.014817747459660247
0.016566897825628146
0.017572596889916525
0.017572596889915637
0.01656689782562859
0.014817747459615394
0.01270753747351705
0.010576201970688537
0.008258878194257413
0.00952675545495385
0.011561283416607004
0.013696005408823098
0.015652278448896606
0.017057602851589415
0.017572596889916525
0.017057602851589415
0.01565227844885486
0.013696005408821321
0.011561283416657187
0.00952675545495385
0.007178065963646674
0.008321618999211022
0.010134501969013776
0.012112078313178287
0.014053939826159212
0.015652278448857082
0.016566897825636584
0.016566897825636584
0.01565227844885353
0.014053939826160544
0.012112078313179175
0.010134501969013332
0.008321618999211022
0.006123418554461857
0.007105981939363737
0.008639037323608267
0.010351459037789557
0.012112078313177843
0.013696005408819545
0.014817747459608732
0.015225621690167834
0.01481774745960962
0.013696005408822653
0.01211207831317962
0.010351459037788224
0.0086390373236096
0.007105981939363737
0.005160673497686119
0.005976664118597874
0.0072260695923827
0.008639037323610044
0.010134501969010667
0.01156128341665763
0.012707537473515274
0.013352836480307051
0.013352836480307051
0.012707537473513941
0.011561283416607449
0.010134501969012
0.008639037323609156
0.0072260695923849205
0.005976664118597874
0.004319820645211969
0.004982551830456039
0.0059766641185996505
0.007105981939365069
0.008321618999212799
0.009526755454955183
0.010576201970689869
0.011301201524153814
0.011561283026127356
0.011301201524153814
0.010576201970688537
0.009526755454953406
0.008321618999213687
0.007105981939365069
0.005976664118600095
0.004982551830456039
0.004982551830464033
0.005976664118597874
0.005976664118598318
0.007105981939365069
0.0072260695923827
0.007105981939364625
0.008321618999214575
0.00863903732361404
0.00863903732361404
0.008321618999215019
0.009526755454948965
0.010134501969012
0.010351459037786448
0.010134501969011556
0.009526755454949853
0.010576201970687205
0.011561283416707369
0.01211207831317962
0.012112078313180508
0.011561283416706924
0.010576201970687205
0.01130120152415337
0.012707537473515718
0.013696005408769363
0.014053939826161432
0.013696005408769363
0.012707537473515718
0.01130120152415337
0.011561283026122027
0.013352836480306607
0.014817747459618502
0.01565227844885353
0.01565227844885264
0.014817747459614061
0.013352836480306607
0.011561283026124247
0.011301201524148485
0.013352836480307051
0.015225621690166058
0.01656689782562637
0.01705760285158675
0.016566897825625038
0.01522562169016739
0.013352836480306607
0.011301201524152038
0.010576201970688981
0.012707537473513053
0.014817747459660247
0.016566897825628146
0.017572596889916525
0.017572596889915637
0.01656689782562859
0.014817747459615394
0.01270753747351705
0.010576201970688537
0.00952675545495385
0.011561283416607004
0.013696005408823098
0.015652278448896606
0.017057602851589415
0.017572596889916525
0.017057602851589415
0.01565227844885486
0.013696005408821321
0.011561283416657187
0.00952675545495385
0.008321618999211022
0.010134501969013776
0.012112078313178287
0.014053939826159212
0.015652278448857082
0.016566897825636584
0.016566897825636584
0.01565227844885353
0.014053939826160544
0.012112078313179175
0.010134501969013332
0.008321618999211022
0.007105981939363737
0.008639037323608267
0.010351459037789557
0.012112078313177843
0.013696005408819545
0.014817747459608732
0.015225621690167834
0.01481774745960962
0.013696005408822653
0.01211207831317962
0.010351459037788224
0.0086390373236096
0.007105981939363737
0.005976664118597874
0.0072260695923827
0.008639037323610044
0.010134501969010667
0.01156128341665763
0.012707537473515274
0.013352836480307051
0.013352836480307051
0.012707537473513941
0.011561283416607449
0.010134501969012
0.008639037323609156
0.0072260695923849205
0.005976664118597874
0.004982551830456039
0.0059766641185996505
0.007105981939365069
0.008321618999212799
0.009526755454955183
0.010576201970689869
0.011301201524153814
0.011561283026127356
0.011301201524153814
0.010576201970688537
0.009526755454953406
0.008321618999213687
0.007105981939365069
0.005976664118600095
0.004982551830456039
