0.005696203553494428
0.008586408925515876
0.008586408925515876
0.008655255894355562
0.00866378028204462
0.008655255894355562
0.008747703553559916
0.008798315784626531
0.008798315784626531
0.008747703553559916
0.008862507436830036
0.008956842275680277
0.009032152470999755
0.008956842275679833
0.008862507436830036
0.008997538034662966
0.009137738394258577
0.009290541594255686
0.009290541594256574
0.009137738394258577
0.008997538034662966
0.009149423808754165
0.009338075867342255
0.009570717233339021
0.009648693892248428
0.009570717233338133
0.009338075867342255
0.009149423808752388
0.009313077120766344
0.00955308714710279
0.009867702317959193
0.010026294898684895
0.010026294898684895
0.009867702317892135
0.009553087147038397
0.009313077120766344
0.009481110437558726
0.009775490866151149
0.010173455684864052
0.010414781515748928
0.010495650453729688
0.010414781515747595
0.010173455684864052
0.009775490866151593
0.009481110437558726
0.009643190252884182
0.009994713703470826
0.01047587583944054
0.010800819945683493
0.010964552582383824
0.010964552582382936
0.010800819945679496
0.01047587583944054
0.009994713703470826
0.009643190252884182
0.009785450569840037
0.010196127493018903
0.01075780709862606
0.011165073776434387
0.011411884058055044
0.011494564912655214
0.011411884058055488
0.011165073776436607
0.01075780709862606
0.010196127493018903
0.009785450569840037
0.009890201555804445
0.010360550619409103
0.010996363936052411
0.011481327430504784
0.011808539423090014
0.011973325311440242
0.011973325311440242
0.01180853942308957
0.011481327430504784
0.010996363936051967
0.010360550619409548
0.009890201555804445
0.009936301952682136
0.010464428258048386
0.011163108975719371
0.011716613904913409
0.012117448745704973
0.012360159939184268
0.012441434143339869
0.012360159939185156
0.01211744874570364
0.011716613904914741
0.011163108975716263
0.01046442825805105
0.009936301952682136
0.00990064168955751
0.010481232275186603
0.011225791567108345
0.011833216698172944
0.012295755339876813
0.012607469794754245
0.012764341043479455
0.012764341043479899
0.012607469794755577
0.012295755339877257
0.011833216698227567
0.011225791567108345
0.010481232275186603
0.00990064168955751
0.009761061652504566
0.010384547388288645
0.011152261479773884
0.011793316879052274
0.01230008342659561
0.012666488835487932
0.012888119451500035
0.012962295805668766
0.012888119451501368
0.012666488835485712
0.012300083426599162
0.011793316879052274
0.011152261479773884
0.01038454738828909
0.009761061652506342
0.009500569384402802
0.010152835953656236
0.010916546279815975
0.01156629628518635
0.012094959814391792
0.012496696040275701
0.01276703967814452
0.012902972412531799
0.012902972412531799
0.012767039678145409
0.012496696040228183
0.01209495981438824
0.011566296285185462
0.010916546279814199
0.010152835953656236
0.009500569384402802
0.009111913801969074
0.00977495900134251
0.010505866604152647
0.011137208524339304
0.011662688740422311
0.01207702660332588
0.01237603129737419
0.012556663192697659
0.012617079628080674
0.012556663192697659
0.01237603129737641
0.012077026603325436
0.0116626887404232
0.011137208524340636
0.010505866604153535
0.009774959001342953
0.009111913801969074
0.005696203553494428
0.009226090187320679
0.00995942609195577
0.010601644930867238
0.011146612502193953
0.011589083476170714
0.011924770661825512
0.012150403881533656
0.012263776281560723
0.012263776281560723
0.012150403881533656
0.011924770661825512
0.011589083476167161
0.011146612502189512
0.01060164493086635
0.009959426091956658
0.009226090187321567
0.005696203553494428
0.008586408925515876
0.00866378028204462
0.008655255894355562
0.008798315784626531
0.008798315784626531
0.008747703553559916
0.008956842275680277
0.009032152470999755
0.008956842275679833
0.008862507436830036
0.009137738394258577
0.009290541594255686
0.009290541594256574
0.009137738394258577
0.008997538034662966
0.009338075867342255
0.009570717233339021
0.009648693892248428
0.009570717233338133
0.009338075867342255
0.009149423808752388
0.00955308714710279
0.009867702317959193
0.010026294898684895
0.010026294898684895
0.009867702317892135
0.009553087147038397
0.009313077120766344
0.009775490866151149
0.010173455684864052
0.010414781515748928
0.010495650453729688
0.010414781515747595
0.010173455684864052
0.009775490866151593
0.009481110437558726
0.009994713703470826
0.01047587583944054
0.010800819945683493
0.010964552582383824
0.010964552582382936
0.010800819945679496
0.01047587583944054
0.009994713703470826
0.009643190252884182
0.010196127493018903
0.01075780709862606
0.011165073776434387
0.011411884058055044
0.011494564912655214
0.011411884058055488
0.011165073776436607
0.01075780709862606
0.010196127493018903
0.009785450569840037
0.010360550619409103
0.010996363936052411
0.011481327430504784
0.011808539423090014
0.011973325311440242
0.011973325311440242
0.01180853942308957
0.011481327430504784
0.010996363936051967
0.010360550619409548
0.009890201555804445
0.010464428258048386
0.011163108975719371
0.011716613904913409
0.012117448745704973
0.012360159939184268
0.012441434143339869
0.012360159939185156
0.01211744874570364
0.011716613904914741
0.011163108975716263
0.01046442825805105
0.009936301952682136
0.010481232275186603
0.011225791567108345
0.011833216698172944
0.012295755339876813
0.012607469794754245
0.012764341043479455
0.012764341043479899
0.012607469794755577
0.012295755339877257
0.011833216698227567
0.011225791567108345
0.010481232275186603
0.00990064168955751
0.010384547388288645
0.011152261479773884
0.011793316879052274
0.01230008342659561
0.012666488835487932
0.012888119451500035
0.012962295805668766
0.012888119451501368
0.012666488835485712
0.012300083426599162
0.011793316879052274
0.011152261479773884
0.01038454738828909
0.009761061652506342
0.010152835953656236
0.010916546279815975
0.01156629628518635
0.012094959814391792
0.012496696040275701
0.01276703967814452
0.012902972412531799
0.012902972412531799
0.012767039678145409
0.012496696040228183
0.01209495981438824
0.011566296285185462
0.010916546279814199
0.010152835953656236
0.009500569384402802
0.00977495900134251
0.010505866604152647
0.011137208524339304
0.011662688740422311
0.01207702660332588
0.01237603129737419
0.012556663192697659
0.012617079628080674
0.012556663192697659
0.01237603129737641
0.012077026603325436
0.0116626887404232
0.011137208524340636
0.010505866604153535
0.009774959001342953
0.009111913801969074
0.009226090187320679
0.00995942609195577
0.010601644930867238
0.011146612502193953
0.011589083476170714
0.011924770661825512
0.012150403881533656
0.012263776281560723
0.012263776281560723
0.012150403881533656
0.011924770661825512
0.011589083476167161
0.011146612502189512
0.01060164493086635
0.009959426091956658
0.009226090187321567
0.005696203553494428
0.008586408925515876
0.008655255894355562
0.00866378028204462
0.008747703553559916
0.008798315784626531
0.008798315784626531
0.008862507436830036
0.008956842275680277
0.009032152470999755
0.008956842275679833
0.008997538034662966
0.009137738394258577
0.009290541594255686
0.009290541594256574
0.009137738394258577
0.009149423808754165
0.009338075867342255
0.009570717233339021
0.009648693892248428
0.009570717233338133
0.009338075867342255
0.009313077120766344
0.00955308714710279
0.009867702317959193
0.010026294898684895
0.010026294898684895
0.009867702317892135
0.009553087147038397
0.009481110437558726
0.009775490866151149
0.010173455684864052
0.010414781515748928
0.010495650453729688
0.010414781515747595
0.010173455684864052
0.009775490866151593
0.009643190252884182
0.009994713703470826
0.01047587583944054
0.010800819945683493
0.010964552582383824
0.010964552582382936
0.010800819945679496
0.01047587583944054
0.009994713703470826
0.009785450569840037
0.010196127493018903
0.01075780709862606
0.011165073776434387
0.011411884058055044
0.011494564912655214
0.011411884058055488
0.011165073776436607
0.01075780709862606
0.010196127493018903
0.009890201555804445
0.010360550619409103
0.010996363936052411
0.011481327430504784
0.011808539423090014
0.011973325311440242
0.011973325311440242
0.01180853942308957
0.011481327430504784
0.010996363936051967
0.010360550619409548
0.009936301952682136
0.010464428258048386
0.011163108975719371
0.011716613904913409
0.012117448745704973
0.012360159939184268
0.012441434143339869
0.012360159939185156
0.01211744874570364
0.011716613904914741
0.011163108975716263
0.01046442825805105
0.00990064168955751
0.010481232275186603
0.011225791567108345
0.011833216698172944
0.012295755339876813
0.012607469794754245
0.012764341043479455
0.012764341043479899
0.012607469794755577
0.012295755339877257
0.011833216698227567
0.011225791567108345
0.010481232275186603
0.009761061652504566
0.010384547388288645
0.011152261479773884
0.011793316879052274
0.01230008342659561
0.012666488835487932
0.012888119451500035
0.012962295805668766
0.012888119451501368
0.012666488835485712
0.012300083426599162
0.011793316879052274
0.011152261479773884
0.01038454738828909
0.009500569384402802
0.010152835953656236
0.010916546279815975
0.01156629628518635
0.012094959814391792
0.012496696040275701
0.01276703967814452
0.012902972412531799
0.012902972412531799
0.012767039678145409
0.012496696040228183
0.01209495981438824
0.011566296285185462
0.010916546279814199
0.010152835953656236
0.009111913801969074
0.00977495900134251
0.010505866604152647
0.011137208524339304
0.011662688740422311
0.01207702660332588
0.01237603129737419
0.012556663192697659
0.012617079628080674
0.012556663192697659
0.01237603129737641
0.012077026603325436
0.0116626887404232
0.011137208524340636
0.010505866604153535
0.009774959001342953
0.005696203553494428
0.009226090187320679
0.00995942609195577
0.010601644930867238
0.011146612502193953
0.011589083476170714
0.011924770661825512
0.012150403881533656
0.012263776281560723
0.012263776281560723
0.012150403881533656
0.011924770661825512
0.011589083476167161
0.011146612502189512
0.01060164493086635
0.009959426091956658
0.009226090187321567
0.00866378028204462
0.008798315784626531
0.008798315784626531
0.008956842275680277
0.009032152470999755
0.008956842275679833
0.009137738394258577
0.009290541594255686
0.009290541594256574
0.009137738394258577
0.009338075867342255
0.009570717233339021
0.009648693892248428
0.009570717233338133
0.009338075867342255
0.00955308714710279
0.009867702317959193
0.010026294898684895
0.010026294898684895
0.009867702317892135
0.009553087147038397
0.009775490866151149
0.010173455684864052
0.010414781515748928
0.010495650453729688
0.010414781515747595
0.010173455684864052
0.009775490866151593
0.009994713703470826
0.01047587583944054
0.010800819945683493
0.010964552582383824
0.010964552582382936
0.010800819945679496
0.01047587583944054
0.009994713703470826
0.010196127493018903
0.01075780709862606
0.011165073776434387
0.011411884058055044
0.011494564912655214
0.011411884058055488
0.011165073776436607
0.01075780709862606
0.010196127493018903
0.010360550619409103
0.010996363936052411
0.011481327430504784
0.011808539423090014
0.011973325311440242
0.011973325311440242
0.01180853942308957
0.011481327430504784
0.010996363936051967
0.010360550619409548
0.010464428258048386
0.011163108975719371
0.011716613904913409
0.012117448745704973
0.012360159939184268
0.012441434143339869
0.012360159939185156
0.01211744874570364
0.011716613904914741
0.011163108975716263
0.01046442825805105
0.010481232275186603
0.011225791567108345
0.011833216698172944
0.012295755339876813
0.012607469794754245
0.012764341043479455
0.012764341043479899
0.012607469794755577
0.012295755339877257
0.011833216698227567
0.011225791567108345
0.010481232275186603
0.010384547388288645
0.011152261479773884
0.011793316879052274
0.01230008342659561
0.012666488835487932
0.012888119451500035
0.012962295805668766
0.012888119451501368
0.012666488835485712
0.012300083426599162
0.011793316879052274
0.011152261479773884
0.01038454738828909
0.010152835953656236
0.010916546279815975
0.01156629628518635
0.012094959814391792
0.012496696040275701
0.01276703967814452
0.012902972412531799
0.012902972412531799
0.012767039678145409
0.012496696040228183
0.01209495981438824
0.011566296285185462
0.010916546279814199
0.010152835953656236
0.00977495900134251
0.010505866604152647
0.011137208524339304
0.011662688740422311
0.01207702660332588
0.01237603129737419
0.012556663192697659
0.012617079628080674
0.012556663192697659
0.01237603129737641
0.012077026603325436
0.0116626887404232
0.011137208524340636
0.010505866604153535
0.009774959001342953
0.009226090187320679
0.00995942609195577
0.010601644930867238
0.011146612502193953
0.011589083476170714
0.011924770661825512
0.012150403881533656
0.012263776281560723
0.012263776281560723
0.012150403881533656
0.011924770661825512
0.011589083476167161
0.011146612502189512
0.01060164493086635
0.009959426091956658
0.009226090187321567
0.005696203553494428
0.008586408925515876
0.008586408925515876
0.008655255894355562
0.00866378028204462
0.008655255894355562
0.008747703553559916
0.008798315784626531
0.008798315784626531
0.008747703553559916
0.008862507436830036
0.008956842275680277
0.009032152470999755
0.008956842275679833
0.008862507436830036
0.008997538034662966
0.009137738394258577
0.009290541594255686
0.009290541594256574
0.009137738394258577
0.008997538034662966
0.009149423808754165
0.009338075867342255
0.009570717233339021
0.009648693892248428
0.009570717233338133
0.009338075867342255
0.009149423808752388
0.009313077120766344
0.00955308714710279
0.009867702317959193
0.010026294898684895
0.010026294898684895
0.009867702317892135
0.009553087147038397
0.009313077120766344
0.009481110437558726
0.009775490866151149
0.010173455684864052
0.010414781515748928
0.010495650453729688
0.010414781515747595
0.010173455684864052
0.009775490866151593
0.009481110437558726
0.009643190252884182
0.009994713703470826
0.01047587583944054
0.010800819945683493
0.010964552582383824
0.010964552582382936
0.010800819945679496
0.01047587583944054
0.009994713703470826
0.009643190252884182
0.009785450569840037
0.010196127493018903
0.01075780709862606
0.011165073776434387
0.011411884058055044
0.011494564912655214
0.011411884058055488
0.011165073776436607
0.01075780709862606
0.010196127493018903
0.009785450569840037
0.009890201555804445
0.010360550619409103
0.010996363936052411
0.011481327430504784
0.011808539423090014
0.011973325311440242
0.011973325311440242
0.01180853942308957
0.011481327430504784
0.010996363936051967
0.010360550619409548
0.009890201555804445
0.009936301952682136
0.010464428258048386
0.011163108975719371
0.011716613904913409
0.012117448745704973
0.012360159939184268
0.012441434143339869
0.012360159939185156
0.01211744874570364
0.011716613904914741
0.011163108975716263
0.01046442825805105
0.009936301952682136
0.00990064168955751
0.010481232275186603
0.011225791567108345
0.011833216698172944
0.012295755339876813
0.012607469794754245
0.012764341043479455
0.012764341043479899
0.012607469794755577
0.012295755339877257
0.011833216698227567
0.011225791567108345
0.010481232275186603
0.00990064168955751
0.009761061652504566
0.010384547388288645
0.011152261479773884
0.011793316879052274
0.01230008342659561
0.012666488835487932
0.012888119451500035
0.012962295805668766
0.012888119451501368
0.012666488835485712
0.012300083426599162
0.011793316879052274
0.011152261479773884
0.01038454738828909
0.009761061652506342
0.009500569384402802
0.010152835953656236
0.010916546279815975
0.01156629628518635
0.012094959814391792
0.012496696040275701
0.01276703967814452
0.012902972412531799
0.012902972412531799
0.012767039678145409
0.012496696040228183
0.01209495981438824
0.011566296285185462
0.010916546279814199
0.010152835953656236
0.009500569384402802
0.009111913801969074
0.00977495900134251
0.010505866604152647
0.011137208524339304
0.011662688740422311
0.01207702660332588
0.01237603129737419
0.012556663192697659
0.012617079628080674
0.012556663192697659
0.01237603129737641
0.012077026603325436
0.0116626887404232
0.011137208524340636
0.010505866604153535
0.009774959001342953
0.009111913801969074
0.008586408925515876
0.00866378028204462
0.008655255894355562
0.008798315784626531
0.008798315784626531
0.008747703553559916
0.008956842275680277
0.009032152470999755
0.008956842275679833
0.008862507436830036
0.009137738394258577
0.009290541594255686
0.009290541594256574
0.009137738394258577
0.008997538034662966
0.009338075867342255
0.009570717233339021
0.009648693892248428
0.009570717233338133
0.009338075867342255
0.009149423808752388
0.00955308714710279
0.009867702317959193
0.010026294898684895
0.010026294898684895
0.009867702317892135
0.009553087147038397
0.009313077120766344
0.009775490866151149
0.010173455684864052
0.010414781515748928
0.010495650453729688
0.010414781515747595
0.010173455684864052
0.009775490866151593
0.009481110437558726
0.009994713703470826
0.01047587583944054
0.010800819945683493
0.010964552582383824
0.010964552582382936
0.010800819945679496
0.01047587583944054
0.009994713703470826
0.009643190252884182
0.010196127493018903
0.01075780709862606
0.011165073776434387
0.011411884058055044
0.011494564912655214
0.011411884058055488
0.011165073776436607
0.01075780709862606
0.010196127493018903
0.009785450569840037
0.010360550619409103
0.010996363936052411
0.011481327430504784
0.011808539423090014
0.011973325311440242
0.011973325311440242
0.01180853942308957
0.011481327430504784
0.010996363936051967
0.010360550619409548
0.009890201555804445
0.010464428258048386
0.011163108975719371
0.011716613904913409
0.012117448745704973
0.012360159939184268
0.012441434143339869
0.012360159939185156
0.01211744874570364
0.011716613904914741
0.011163108975716263
0.01046442825805105
0.009936301952682136
0.010481232275186603
0.011225791567108345
0.011833216698172944
0.012295755339876813
0.012607469794754245
0.012764341043479455
0.012764341043479899
0.012607469794755577
0.012295755339877257
0.011833216698227567
0.011225791567108345
0.010481232275186603
0.00990064168955751
0.010384547388288645
0.011152261479773884
0.011793316879052274
0.01230008342659561
0.012666488835487932
0.012888119451500035
0.012962295805668766
0.012888119451501368
0.012666488835485712
0.012300083426599162
0.011793316879052274
0.011152261479773884
0.01038454738828909
0.009761061652506342
0.010152835953656236
0.010916546279815975
0.01156629628518635
0.012094959814391792
0.012496696040275701
0.01276703967814452
0.012902972412531799
0.012902972412531799
0.012767039678145409
0.012496696040228183
0.01209495981438824
0.011566296285185462
0.010916546279814199
0.010152835953656236
0.009500569384402802
0.00977495900134251
0.010505866604152647
0.011137208524339304
0.011662688740422311
0.01207702660332588
0.01237603129737419
0.012556663192697659
0.012617079628080674
0.012556663192697659
0.01237603129737641
0.012077026603325436
0.0116626887404232
0.011137208524340636
0.010505866604153535
0.009774959001342953
0.009111913801969074
0.008586408925515876
0.008655255894355562
0.00866378028204462
0.008747703553559916
0.008798315784626531
0.008798315784626531
0.008862507436830036
0.008956842275680277
0.009032152470999755
0.008956842275679833
0.008997538034662966
0.009137738394258577
0.009290541594255686
0.009290541594256574
0.009137738394258577
0.009149423808754165
0.009338075867342255
0.009570717233339021
0.009648693892248428
0.009570717233338133
0.009338075867342255
0.009313077120766344
0.00955308714710279
0.009867702317959193
0.010026294898684895
0.010026294898684895
0.009867702317892135
0.009553087147038397
0.009481110437558726
0.009775490866151149
0.010173455684864052
0.010414781515748928
0.010495650453729688
0.010414781515747595
0.010173455684864052
0.009775490866151593
0.009643190252884182
0.009994713703470826
0.01047587583944054
0.010800819945683493
0.010964552582383824
0.010964552582382936
0.010800819945679496
0.01047587583944054
0.009994713703470826
0.009785450569840037
0.010196127493018903
0.01075780709862606
0.011165073776434387
0.011411884058055044
0.011494564912655214
0.011411884058055488
0.011165073776436607
0.01075780709862606
0.010196127493018903
0.009890201555804445
0.010360550619409103
0.010996363936052411
0.011481327430504784
0.011808539423090014
0.011973325311440242
0.011973325311440242
0.01180853942308957
0.011481327430504784
0.010996363936051967
0.010360550619409548
0.009936301952682136
0.010464428258048386
0.011163108975719371
0.011716613904913409
0.012117448745704973
0.012360159939184268
0.012441434143339869
0.012360159939185156
0.01211744874570364
0.011716613904914741
0.011163108975716263
0.01046442825805105
0.00990064168955751
0.010481232275186603
0.011225791567108345
0.011833216698172944
0.012295755339876813
0.012607469794754245
0.012764341043479455
0.012764341043479899
0.012607469794755577
0.012295755339877257
0.011833216698227567
0.011225791567108345
0.010481232275186603
0.009761061652504566
0.010384547388288645
0.011152261479773884
0.011793316879052274
0.01230008342659561
0.012666488835487932
0.012888119451500035
0.012962295805668766
0.012888119451501368
0.012666488835485712
0.012300083426599162
0.011793316879052274
0.011152261479773884
0.01038454738828909
0.009500569384402802
0.010152835953656236
0.010916546279815975
0.01156629628518635
0.012094959814391792
0.012496696040275701
0.01276703967814452
0.012902972412531799
0.012902972412531799
0.012767039678145409
0.012496696040228183
0.01209495981438824
0.011566296285185462
0.010916546279814199
0.010152835953656236
0.009111913801969074
0.00977495900134251
0.010505866604152647
0.011137208524339304
0.011662688740422311
0.01207702660332588
0.01237603129737419
0.012556663192697659
0.012617079628080674
0.012556663192697659
0.01237603129737641
0.012077026603325436
0.0116626887404232
0.011137208524340636
0.010505866604153535
0.009774959001342953
0.00866378028204462
0.008798315784626531
0.008798315784626531
0.008956842275680277
0.009032152470999755
0.008956842275679833
0.009137738394258577
0.009290541594255686
0.009290541594256574
0.009137738394258577
0.009338075867342255
0.009570717233339021
0.009648693892248428
0.009570717233338133
0.009338075867342255
0.00955308714710279
0.009867702317959193
0.010026294898684895
0.010026294898684895
0.009867702317892135
0.009553087147038397
0.009775490866151149
0.010173455684864052
0.010414781515748928
0.010495650453729688
0.010414781515747595
0.010173455684864052
0.009775490866151593
0.009994713703470826
0.01047587583944054
0.010800819945683493
0.010964552582383824
0.010964552582382936
0.010800819945679496
0.01047587583944054
0.009994713703470826
0.010196127493018903
0.01075780709862606
0.011165073776434387
0.011411884058055044
0.011494564912655214
0.011411884058055488
0.011165073776436607
0.01075780709862606
0.010196127493018903
0.010360550619409103
0.010996363936052411
0.011481327430504784
0.011808539423090014
0.011973325311440242
0.011973325311440242
0.01180853942308957
0.011481327430504784
0.010996363936051967
0.010360550619409548
0.010464428258048386
0.011163108975719371
0.011716613904913409
0.012117448745704973
0.012360159939184268
0.012441434143339869
0.012360159939185156
0.01211744874570364
0.011716613904914741
0.011163108975716263
0.01046442825805105
0.010481232275186603
0.011225791567108345
0.011833216698172944
0.012295755339876813
0.012607469794754245
0.012764341043479455
0.012764341043479899
0.012607469794755577
0.012295755339877257
0.011833216698227567
0.011225791567108345
0.010481232275186603
0.010384547388288645
0.011152261479773884
0.011793316879052274
0.01230008342659561
0.012666488835487932
0.012888119451500035
0.012962295805668766
0.012888119451501368
0.012666488835485712
0.012300083426599162
0.011793316879052274
0.011152261479773884
0.01038454738828909
0.010152835953656236
0.010916546279815975
0.01156629628518635
0.012094959814391792
0.012496696040275701
0.01276703967814452
0.012902972412531799
0.012902972412531799
0.012767039678145409
0.012496696040228183
0.01209495981438824
0.011566296285185462
0.010916546279814199
0.010152835953656236
0.00977495900134251
0.010505866604152647
0.011137208524339304
0.011662688740422311
0.01207702660332588
0.01237603129737419
0.012556663192697659
0.012617079628080674
0.012556663192697659
0.01237603129737641
0.012077026603325436
0.0116626887404232
0.011137208524340636
0.010505866604153535
0.009774959001342953
