0.0023396425743653637
0.0029635676931381028
0.0029589544863042327
0.003242193128275339
0.0031833109316701247
0.003234328301541467
0.0035175567909879746
0.003474176412023411
0.0034711697691758303
0.00350608678748765
0.003778111971270981
0.0037565856404606635
0.0037806795564105933
0.003750231938650206
0.003762879047448653
0.004010534739133043
0.004017265304301798
0.004075367051630696
0.004072007222115648
0.004007436329930947
0.0039916584966452895
0.004200893205861256
0.004241514361178478
0.004339706969725299
0.0043709701611258645
0.00433287322980469
0.004228372579736295
0.004178827085356218
0.004336294164628995
0.00441473668690362
0.004557224298619378
0.00462962385584742
0.004626162628210029
0.004547120786979608
0.0043987800852782755
0.004311833025722578
0.004406735227861169
0.004524388741701468
0.004712495173910813
0.004830342236000984
0.004868454741866923
0.004823658926599972
0.00469967906037283
0.004506438831406889
0.004380958252253375
0.004406735227861169
0.0045619475674500976
0.004793453483649568
0.00495781033276943
0.005041930175330833
0.005038737535868698
0.004948505446897844
0.004778802720511344
0.004543069999699334
0.004380886206270418
0.004336294164626331
0.004524388741701468
0.004793453483649568
0.005001544434152905
0.005132550471727004
0.005175540951959157
0.005126794627260622
0.004990525676992874
0.004778062869116084
0.00450575713470025
0.0043116225816608456
0.004200893205863032
0.0044147366869022875
0.004712495173907705
0.004957810332768098
0.0051325504717283366
0.005222516289494106
0.005219973908074493
0.0051251458351107
0.004946167017011227
0.0046975209581758826
0.004397471037204337
0.004178494307035763
0.004010534739132154
0.004241514361178034
0.004557224298619378
0.004830342236000984
0.005041930175331721
0.005175540951960045
0.0052199739080704965
0.005171362817768532
0.005033933938466184
0.004819178298834714
0.004543717251089596
0.004226535108962537
0.003991227072973835
0.003778111971270981
0.004017265304301354
0.004339706969725743
0.004629623855846976
0.0048684547418678115
0.005038737535868698
0.005126794627259734
0.005125145835108924
0.005033933938464408
0.004860896765949363
0.004619895249950545
0.0043284775615055615
0.004005197454696852
0.0037623766267000924
0.0035175567909879746
0.003756585640463328
0.004075367051629808
0.004370970161127197
0.004626162628210917
0.004823658926597751
0.004948505446900953
0.004990525676994206
0.004946167017012559
0.004819178298834714
0.004619895249951433
0.004363368665415646
0.004066912413894563
0.00374772817058755
0.003505541332259554
0.003242193128275339
0.0034741764120211904
0.003780679556409705
0.004072007222112539
0.004332873229807355
0.004547120786979608
0.004699679060379047
0.004778802720515785
0.00477806286911564
0.004697520958176771
0.00454371725108782
0.004328477561506894
0.004066912413895896
0.0037751784184534287
0.003468530777372081
0.0032337651934684075
0.0029635676931381028
0.0031833109316692365
0.0034711697691758303
0.003750231938651538
0.004007436329931391
0.004228372579737627
0.004398780085276499
0.004506438831406889
0.00454306999969889
0.00450575713469803
0.004397471037205669
0.004226535108962093
0.004005197454703069
0.0037477281705866616
0.003468530777372525
0.003180648169504252
0.002958394733631131
0.0023396425743653637
0.0029589544863042327
0.003234328301541467
0.00350608678748765
0.003762879047448653
0.003991658496644845
0.004178827085356662
0.004311833025722578
0.004380958252253819
0.004380886206270418
0.004311622581661734
0.004178494307034875
0.003991227072972503
0.0037623766267014247
0.0035055413322604423
0.003233765193470184
0.002958394733631131
0.002339642574366252
0.0029589544863042327
0.0031833109316701247
0.003234328301541467
0.003474176412023411
0.0034711697691758303
0.003506086787486762
0.0037565856404606635
0.0037806795564105933
0.003750231938650206
0.003762879047448653
0.004017265304301798
0.004075367051630696
0.004072007222115648
0.004007436329930947
0.003991658496644845
0.004241514361178478
0.004339706969725299
0.0043709701611258645
0.00433287322980469
0.004228372579736295
0.004178827085356218
0.00441473668690362
0.004557224298619378
0.00462962385584742
0.004626162628210029
0.004547120786979608
0.0043987800852782755
0.004311833025722578
0.004524388741701468
0.004712495173910813
0.004830342236000984
0.004868454741866923
0.004823658926599972
0.00469967906037283
0.004506438831406889
0.004380958252253375
0.0045619475674500976
0.004793453483649568
0.00495781033276943
0.005041930175330833
0.005038737535868698
0.004948505446897844
0.004778802720511344
0.004543069999699334
0.004380886206270418
0.004524388741701468
0.004793453483649568
0.005001544434152905
0.005132550471727004
0.005175540951959157
0.005126794627260622
0.004990525676992874
0.004778062869116084
0.00450575713470025
0.004311622581659957
0.0044147366869022875
0.004712495173907705
0.004957810332768098
0.0051325504717283366
0.005222516289494106
0.005219973908074493
0.0051251458351107
0.004946167017011227
0.0046975209581758826
0.004397471037204337
0.004178494307034875
0.004241514361178034
0.004557224298619378
0.004830342236000984
0.005041930175331721
0.005175540951960045
0.0052199739080704965
0.005171362817768532
0.005033933938466184
0.004819178298834714
0.004543717251089596
0.004226535108962537
0.003991227072973835
0.004017265304301354
0.004339706969725743
0.004629623855846976
0.0048684547418678115
0.005038737535868698
0.005126794627259734
0.005125145835108924
0.005033933938464408
0.004860896765949363
0.004619895249950545
0.0043284775615055615
0.004005197454696852
0.0037623766267000924
0.003756585640463328
0.004075367051629808
0.004370970161127197
0.004626162628210917
0.004823658926597751
0.004948505446900953
0.004990525676994206
0.004946167017012559
0.004819178298834714
0.004619895249951433
0.004363368665415646
0.004066912413894563
0.00374772817058755
0.003505541332259554
0.0034741764120211904
0.003780679556409705
0.004072007222112539
0.004332873229807355
0.004547120786979608
0.004699679060379047
0.004778802720515785
0.00477806286911564
0.004697520958176771
0.00454371725108782
0.004328477561506894
0.004066912413895896
0.0037751784184534287
0.003468530777372081
0.0032337651934684075
0.0031833109316692365
0.0034711697691758303
0.003750231938651538
0.004007436329931391
0.004228372579737627
0.004398780085276499
0.004506438831406889
0.00454306999969889
0.00450575713469803
0.004397471037205669
0.004226535108962093
0.004005197454703069
0.0037477281705866616
0.003468530777372525
0.003180648169504252
0.002958394733631131
0.0029589544863042327
0.003234328301541467
0.003506086787486762
0.003762879047448653
0.003991658496644401
0.004178827085356662
0.004311833025722578
0.004380958252253819
0.004380886206270418
0.0043116225816608456
0.004178494307033986
0.003991227072972503
0.0037623766267014247
0.0035055413322604423
0.003233765193470184
0.002958394733631131
0.002339642574366252
0.002958394733630243
0.002958394733630243
0.0032337651934688516
0.0031806481695060285
0.0032337651934684075
0.003505541332259554
0.003468530777372525
0.003468530777372525
0.003505541332259554
0.0037623766267049774
0.00374772817058755
0.003775178418450764
0.00374772817058755
0.0037623766267054215
0.0039912270729747235
0.004005197454704845
0.004066912413896784
0.004066912413896784
0.004005197454704845
0.003991227072974279
0.004178494307038427
0.004226535108963425
0.004328477561504673
0.0043633686654152015
0.004328477561504673
0.004226535108963425
0.004178494307037539
0.00431162258166129
0.004397471037210998
0.00454371725109004
0.004619895249950545
0.004619895249948325
0.004543717251090484
0.004397471037203449
0.00431162258166129
0.00438088620627175
0.004505757134700694
0.004697520958176327
0.004819178298834714
0.004860896765951139
0.004819178298834714
0.004697520958176327
0.004505757134700694
0.00438088620627175
0.004380958252252931
0.004543069999700666
0.004778062869116084
0.004946167017011671
0.005033933938472401
0.005033933938472401
0.004946167017011671
0.004778062869116084
0.004543069999700666
0.004380958252252931
0.004311833025721246
0.004506438831404225
0.004778802720511788
0.004990525676990654
0.005125145835107592
0.005171362817766756
0.005125145835107592
0.004990525676990654
0.004778802720511788
0.004506438831404225
0.004311833025720357
0.004178827085353554
0.004398780085280052
0.004699679060378159
0.004948505446892959
0.005126794627259734
0.0052199739080749374
0.005219973908077158
0.0051267946272610665
0.004948505446892071
0.004699679060378159
0.004398780085280052
0.004178827085354442
0.003991658496646178
0.0042283725797349625
0.004547120786977832
0.0048236589266030805
0.00503873753587003
0.005175540951960045
0.005222516289493662
0.005175540951961377
0.005038737535859816
0.004823658926603969
0.004547120786977832
0.004228372579737627
0.003991658496646622
0.0037628790474504292
0.004007436329932279
0.004332873229810907
0.00462616262821447
0.004868454741871364
0.005041930175330389
0.005132550471727004
0.005132550471727004
0.005041930175331277
0.004868454741870476
0.004626162628214914
0.004332873229810463
0.004007436329933611
0.0037628790474504292
0.0035060867874845414
0.0037502319386488736
0.0040720072221192005
0.004370970161128529
0.004629623855846976
0.004830342235999652
0.0049578103327663214
0.0050015444341520165
0.0049578103327663214
0.004830342235999208
0.00462962385584742
0.004370970161128973
0.004072007222117424
0.0037502319386493177
0.0035060867874840973
0.0032343283015432434
0.003471169769178939
0.003780679556404376
0.004075367051630252
0.004339706969725743
0.004557224298622042
0.004712495173907705
0.004793453483648236
0.004793453483648236
0.004712495173907705
0.004557224298620266
0.004339706969725299
0.004075367051625811
0.003780679556404376
0.003471169769178939
0.0032343283015432434
0.0029589544863091177
0.0031833109316696806
0.003474176412022967
0.0037565856404651043
0.004017265304307127
0.004241514361178922
0.004414736686902732
0.004524388741701468
0.0045619475674500976
0.004524388741701468
0.00441473668690362
0.0042415143611771455
0.004017265304306683
0.0037565856404651043
0.003474176412022967
0.0031833109316696806
0.0029589544863091177
0.002339642574366252
0.0029635676931354382
0.0032421931282762273
0.0035175567909879746
0.0037781119712683164
0.004010534739133043
0.004200893205861256
0.004336294164626331
0.004406735227861169
0.004406735227861169
0.004336294164626331
0.0042008932058648085
0.004010534739132154
0.003778111971270981
0.0035175567909879746
0.0032421931282762273
0.0029635676931354382
0.002339642574366252
0.0031737736973789232
0.003460803396211798
0.0034608033962091334
0.003739104709746588
0.0037662425946081157
0.0037391047097381502
0.0039956667080987
0.004056667737456721
0.004056667737457609
0.003995666708093815
0.004216129521475764
0.004316872218448786
0.004351344302784277
0.004316872218448342
0.004216129521472656
0.004386275787306548
0.004530770500434045
0.004606007485968178
0.004606007485964625
0.004530770500433601
0.004386275787306104
0.004493913500002389
0.004683340832036809
0.0048034527497491375
0.004844630088273849
0.004803452749753134
0.004683340832040805
0.004493913500002833
0.004530770500390524
0.00476285286341982
0.004928763461052199
0.005015348663421015
0.005015348663422792
0.004928763461057972
0.004762852863425593
0.004530770500393633
0.004493913500001057
0.0047628528634233724
0.004971743411288809
0.005104486405481001
0.0051500454052662015
0.005104486405479669
0.004971743411288809
0.004762852863420708
0.004493913500001501
0.004386275787304772
0.004683340832035032
0.004928763461054864
0.005104486405479225
0.00519628275103079
0.005196282751027681
0.005104486405479225
0.004928763461055752
0.004683340832035476
0.004386275787306548
0.004216129521474876
0.004530770500432713
0.0048034527497540225
0.005015348663421015
0.005150045405265757
0.005196282751027681
0.005150045405261761
0.0050153486634214595
0.004803452749754911
0.004530770500428272
0.00421612952147532
0.003995666708095147
0.00431687221844923
0.0046060074859672895
0.004844630088275181
0.005015348663417907
0.005104486405478781
0.005104486405481001
0.005015348663425012
0.004844630088268076
0.004606007485965069
0.004316872218448786
0.003995666708096479
0.0037391047097403707
0.004056667737458497
0.004351344302788718
0.004606007485965513
0.004803452749751358
0.004928763461060637
0.004971743411289253
0.0049287634610593045
0.004803452749754911
0.0046060074859672895
0.004351344302789606
0.0040566677374562765
0.0037391047097483643
0.003460803396208245
0.003766242594605007
0.004056667737457609
0.004316872218447454
0.004530770500433601
0.004683340832171812
0.004762852863417599
0.004762852863426481
0.004683340832040805
0.004530770500434045
0.00431687221844923
0.004056667737458941
0.0037662425946058953
0.0034608033962109097
0.003173773697373594
0.0034608033962055806
0.0037391047097448116
0.003995666708099144
0.004216129521474876
0.004386275787306992
0.004493913500001501
0.004530770500388304
0.004493913500001057
0.004386275787309657
0.004216129521478429
0.003995666708094703
0.003739104709746144
0.0034608033962086893
0.003173773697376703
0.0029583947336324634
0.0032337651934737366
0.00350554133225911
0.003762376626703201
0.003991227072972947
0.004178494307035763
0.004311622581661734
0.004380886206274415
0.004380958252255596
0.00431183302572169
0.004178827085355774
0.0039916584966452895
0.0037628790474513174
0.0035060867874863177
0.003234328301542355
0.0029589544863091177
0.0023396425743653637
0.002958394733630243
0.002958394733630243
0.0032337651934684075
0.0031806481695060285
0.0032337651934688516
0.003505541332259554
0.003468530777372525
0.003468530777372525
0.003505541332259554
0.0037623766267054215
0.00374772817058755
0.003775178418450764
0.00374772817058755
0.0037623766267049774
0.003991227072974279
0.004005197454704845
0.004066912413896784
0.004066912413896784
0.004005197454704845
0.0039912270729747235
0.004178494307037539
0.004226535108963425
0.004328477561504673
0.0043633686654152015
0.004328477561504673
0.004226535108963425
0.004178494307038427
0.00431162258166129
0.004397471037210998
0.00454371725109004
0.004619895249950545
0.004619895249948325
0.004543717251090484
0.004397471037203449
0.00431162258166129
0.00438088620627175
0.004505757134700694
0.004697520958176327
0.004819178298834714
0.004860896765951139
0.004819178298834714
0.004697520958176327
0.004505757134700694
0.00438088620627175
0.004380958252252931
0.004543069999700666
0.004778062869116084
0.004946167017011671
0.005033933938472401
0.005033933938472401
0.004946167017011671
0.004778062869116084
0.004543069999700666
0.004380958252252931
0.004311833025720357
0.004506438831404225
0.004778802720511788
0.004990525676990654
0.005125145835107592
0.005171362817766756
0.005125145835107592
0.004990525676990654
0.004778802720511788
0.004506438831404225
0.004311833025721246
0.004178827085354886
0.004398780085280052
0.004699679060378159
0.004948505446892959
0.005126794627259734
0.0052199739080749374
0.005219973908077158
0.0051267946272610665
0.004948505446892071
0.004699679060378159
0.004398780085280052
0.0041788270853531095
0.003991658496646622
0.0042283725797349625
0.004547120786977832
0.0048236589266030805
0.00503873753587003
0.005175540951960045
0.005222516289493662
0.005175540951961377
0.005038737535859816
0.004823658926603969
0.004547120786977832
0.004228372579737627
0.003991658496646178
0.0037628790474504292
0.004007436329932279
0.004332873229810907
0.00462616262821447
0.004868454741871364
0.005041930175330389
0.005132550471727004
0.005132550471727004
0.005041930175331277
0.004868454741870476
0.004626162628214914
0.004332873229810463
0.004007436329933611
0.0037628790474504292
0.0035060867874840973
0.0037502319386488736
0.0040720072221192005
0.004370970161128529
0.004629623855846976
0.004830342235999652
0.0049578103327663214
0.0050015444341520165
0.0049578103327663214
0.004830342235999208
0.00462962385584742
0.004370970161128973
0.004072007222117424
0.0037502319386493177
0.0035060867874845414
0.0032343283015432434
0.003471169769178939
0.003780679556404376
0.004075367051630252
0.004339706969725743
0.004557224298622042
0.004712495173907705
0.004793453483648236
0.004793453483648236
0.004712495173907705
0.004557224298620266
0.004339706969725299
0.004075367051625811
0.003780679556404376
0.003471169769178939
0.0032343283015432434
0.0029589544863091177
0.0031833109316696806
0.003474176412022967
0.0037565856404651043
0.004017265304307127
0.004241514361178922
0.004414736686902732
0.004524388741701468
0.0045619475674500976
0.004524388741701468
0.00441473668690362
0.0042415143611771455
0.004017265304306683
0.0037565856404651043
0.003474176412022967
0.0031833109316696806
0.0029589544863091177
0.0029589544863042327
0.003234328301541467
0.0031737736973789232
0.00350608678748765
0.0034608033962095774
0.0034608033962135742
0.003762879047448653
0.0037391047097381502
0.0037662425946081157
0.003739104709746588
0.0039916584966452895
0.003995666708093815
0.004056667737457609
0.0040566677374562765
0.003995666708099144
0.004178827085356218
0.004216129521473544
0.004316872218448342
0.004351344302786497
0.004316872218444789
0.004216129521475764
0.004311833025722578
0.00438627578730566
0.004530770500433601
0.0046060074859672895
0.004606007485964181
0.004530770500434933
0.004386275787308325
0.004380958252253375
0.004493913500002833
0.004683340832039473
0.004803452749753134
0.004844630088273849
0.0048034527497491375
0.004683340832037697
0.004493913500002833
0.004380886206270418
0.004530770500390524
0.004762852863425149
0.004928763461057972
0.005015348663422792
0.005015348663420571
0.0049287634610539754
0.00476285286341982
0.004530770500393633
0.0043116225816608456
0.004493913500001057
0.004762852863420708
0.004971743411288809
0.005104486405479225
0.0051500454052666456
0.005104486405481001
0.004971743411288809
0.0047628528634233724
0.004493913500001501
0.004178494307035763
0.00438627578730344
0.004683340832034588
0.004928763461056196
0.005104486405480557
0.0051962827510299014
0.00519628275103079
0.005104486405481001
0.004928763461054864
0.004683340832035476
0.00438627578730566
0.003991227072973835
0.004216129521474432
0.004530770500431824
0.004803452749756243
0.005015348663418795
0.005150045405267534
0.005196282751028125
0.005150045405264425
0.005015348663422792
0.004803452749753578
0.004530770500432713
0.004216129521470435
0.0037623766267000924
0.003995666708099144
0.004316872218447454
0.004606007485967734
0.004844630088268076
0.005015348663424124
0.0051044864054818895
0.005104486405479225
0.005015348663417463
0.004844630088275181
0.0046060074859672895
0.00431687221844923
0.003995666708094259
0.003505541332259554
0.0037391047097501406
0.004056667737458053
0.0043513443027927146
0.004606007485966845
0.004803452749751802
0.0049287634610544195
0.004971743411287921
0.0049287634610544195
0.00480345274975047
0.004606007485966845
0.004351344302790938
0.004056667737458497
0.0037391047097399266
0.0032337651934684075
0.0034608033962109097
0.003766242594604563
0.004056667737454944
0.004316872218442569
0.004530770500431824
0.004683340832039029
0.004762852863426481
0.0047628528634184875
0.004683340832031924
0.004530770500434933
0.00431687221844701
0.0040566677374562765
0.003766242594604119
0.003460803396207357
0.002958394733631131
0.003173773697376703
0.0034608033962086893
0.0037391047097456998
0.0039956667080929265
0.004216129521475764
0.004386275787310545
0.004493913500001057
0.004530770500388304
0.004493913500001501
0.004386275787308325
0.00421612952147532
0.003995666708100032
0.0037391047097456998
0.0034608033962055806
0.003173773697373594
0.002339642574365808
0.0029589544863029005
0.003234328301542355
0.003506086787487206
0.0037628790474508733
0.003991658496643513
0.004178827085355774
0.00431183302572169
0.004380958252255596
0.004380886206274415
0.00431162258166129
0.004178494307033986
0.003991227072972947
0.00376237662669876
0.00350554133225911
0.0032337651934732925
0.0029583947336324634
0.0029589544863042327
0.0031737736973789232
0.003234328301541467
0.003460803396211798
0.0034608033962091334
0.003506086787486762
0.003739104709746588
0.0037662425946081157
0.0037391047097381502
0.003762879047448653
0.0039956667080987
0.004056667737456721
0.004056667737457609
0.003995666708093815
0.003991658496644845
0.004216129521475764
0.004316872218448786
0.004351344302784277
0.004316872218448342
0.004216129521472656
0.004178827085356218
0.004386275787306548
0.004530770500434045
0.004606007485968178
0.004606007485964625
0.004530770500433601
0.004386275787306104
0.004311833025722578
0.004493913500002389
0.004683340832036809
0.0048034527497491375
0.004844630088273849
0.004803452749753134
0.004683340832040805
0.004493913500002833
0.004380958252253375
0.004530770500390524
0.00476285286341982
0.004928763461052199
0.005015348663421015
0.005015348663422792
0.004928763461057972
0.004762852863425593
0.004530770500393633
0.004380886206270418
0.004493913500001057
0.0047628528634233724
0.004971743411288809
0.005104486405481001
0.0051500454052662015
0.005104486405479669
0.004971743411288809
0.004762852863420708
0.004493913500001501
0.004311622581659957
0.004386275787304772
0.004683340832035032
0.004928763461054864
0.005104486405479225
0.00519628275103079
0.005196282751027681
0.005104486405479225
0.004928763461055752
0.004683340832035476
0.004386275787306548
0.004178494307034875
0.004216129521474876
0.004530770500432713
0.0048034527497540225
0.005015348663421015
0.005150045405265757
0.005196282751027681
0.005150045405261761
0.0050153486634214595
0.004803452749754911
0.004530770500428272
0.00421612952147532
0.003991227072973835
0.003995666708095147
0.00431687221844923
0.0046060074859672895
0.004844630088275181
0.005015348663417907
0.005104486405478781
0.005104486405481001
0.005015348663425012
0.004844630088268076
0.004606007485965069
0.004316872218448786
0.003995666708096479
0.0037623766267000924
0.0037391047097403707
0.004056667737458497
0.004351344302788718
0.004606007485965513
0.004803452749751358
0.004928763461060637
0.004971743411289253
0.0049287634610593045
0.004803452749754911
0.0046060074859672895
0.004351344302789606
0.0040566677374562765
0.0037391047097483643
0.003505541332259554
0.003460803396208245
0.003766242594605007
0.004056667737457609
0.004316872218447454
0.004530770500433601
0.004683340832171812
0.004762852863417599
0.004762852863426481
0.004683340832040805
0.004530770500434045
0.00431687221844923
0.004056667737458941
0.0037662425946058953
0.0034608033962109097
0.0032337651934684075
0.003173773697373594
0.0034608033962055806
0.0037391047097448116
0.003995666708099144
0.004216129521474876
0.004386275787306992
0.004493913500001501
0.004530770500388304
0.004493913500001057
0.004386275787309657
0.004216129521478429
0.003995666708094703
0.003739104709746144
0.0034608033962086893
0.003173773697376703
0.002958394733631131
0.0029583947336324634
0.0032337651934737366
0.00350554133225911
0.003762376626703201
0.003991227072972947
0.004178494307035763
0.004311622581661734
0.004380886206274415
0.004380958252255596
0.00431183302572169
0.004178827085355774
0.0039916584966452895
0.0037628790474513174
0.0035060867874863177
0.003234328301542355
0.0029589544863091177
0.002339642574366252
0.0029635676931381028
0.003242193128275339
0.0031833109316701247
0.0035175567909879746
0.003474176412023411
0.0034711697691758303
0.003778111971270981
0.0037565856404606635
0.0037806795564105933
0.003750231938650206
0.004010534739133043
0.004017265304301798
0.004075367051630696
0.004072007222115648
0.004007436329930947
0.004200893205861256
0.004241514361178478
0.004339706969725299
0.0043709701611258645
0.00433287322980469
0.004228372579736295
0.004336294164628995
0.00441473668690362
0.004557224298619378
0.00462962385584742
0.004626162628210029
0.004547120786979608
0.0043987800852782755
0.004406735227861169
0.004524388741701468
0.004712495173910813
0.004830342236000984
0.004868454741866923
0.004823658926599972
0.00469967906037283
0.004506438831406889
0.004406735227861169
0.0045619475674500976
0.004793453483649568
0.00495781033276943
0.005041930175330833
0.005038737535868698
0.004948505446897844
0.004778802720511344
0.004543069999699334
0.004336294164626331
0.004524388741701468
0.004793453483649568
0.005001544434152905
0.005132550471727004
0.005175540951959157
0.005126794627260622
0.004990525676992874
0.004778062869116084
0.00450575713470025
0.004200893205863032
0.0044147366869022875
0.004712495173907705
0.004957810332768098
0.0051325504717283366
0.005222516289494106
0.005219973908074493
0.0051251458351107
0.004946167017011227
0.0046975209581758826
0.004397471037204337
0.004010534739132154
0.004241514361178034
0.004557224298619378
0.004830342236000984
0.005041930175331721
0.005175540951960045
0.0052199739080704965
0.005171362817768532
0.005033933938466184
0.004819178298834714
0.004543717251089596
0.004226535108962537
0.003778111971270981
0.004017265304301354
0.004339706969725743
0.004629623855846976
0.0048684547418678115
0.005038737535868698
0.005126794627259734
0.005125145835108924
0.005033933938464408
0.004860896765949363
0.004619895249950545
0.0043284775615055615
0.004005197454696852
0.0035175567909879746
0.003756585640463328
0.004075367051629808
0.004370970161127197
0.004626162628210917
0.004823658926597751
0.004948505446900953
0.004990525676994206
0.004946167017012559
0.004819178298834714
0.004619895249951433
0.004363368665415646
0.004066912413894563
0.00374772817058755
0.003242193128275339
0.0034741764120211904
0.003780679556409705
0.004072007222112539
0.004332873229807355
0.004547120786979608
0.004699679060379047
0.004778802720515785
0.00477806286911564
0.004697520958176771
0.00454371725108782
0.004328477561506894
0.004066912413895896
0.0037751784184534287
0.003468530777372081
0.0029635676931381028
0.0031833109316692365
0.0034711697691758303
0.003750231938651538
0.004007436329931391
0.004228372579737627
0.004398780085276499
0.004506438831406889
0.00454306999969889
0.00450575713469803
0.004397471037205669
0.004226535108962093
0.004005197454703069
0.0037477281705866616
0.003468530777372525
0.003180648169504252
0.0023396425743653637
0.0029589544863042327
0.003234328301541467
0.003506086787486762
0.003762879047448653
0.003991658496644401
0.004178827085356662
0.004311833025722578
0.004380958252253819
0.004380886206270418
0.0043116225816608456
0.004178494307033986
0.003991227072972503
0.0037623766267014247
0.0035055413322604423
0.003233765193470184
0.002958394733631131
0.0031833109316701247
0.003474176412023411
0.0034711697691758303
0.0037565856404606635
0.0037806795564105933
0.003750231938650206
0.004017265304301798
0.004075367051630696
0.004072007222115648
0.004007436329930947
0.004241514361178478
0.004339706969725299
0.0043709701611258645
0.00433287322980469
0.004228372579736295
0.00441473668690362
0.004557224298619378
0.00462962385584742
0.004626162628210029
0.004547120786979608
0.0043987800852782755
0.004524388741701468
0.004712495173910813
0.004830342236000984
0.004868454741866923
0.004823658926599972
0.00469967906037283
0.004506438831406889
0.0045619475674500976
0.004793453483649568
0.00495781033276943
0.005041930175330833
0.005038737535868698
0.004948505446897844
0.004778802720511344
0.004543069999699334
0.004524388741701468
0.004793453483649568
0.005001544434152905
0.005132550471727004
0.005175540951959157
0.005126794627260622
0.004990525676992874
0.004778062869116084
0.00450575713470025
0.0044147366869022875
0.004712495173907705
0.004957810332768098
0.0051325504717283366
0.005222516289494106
0.005219973908074493
0.0051251458351107
0.004946167017011227
0.0046975209581758826
0.004397471037204337
0.004241514361178034
0.004557224298619378
0.004830342236000984
0.005041930175331721
0.005175540951960045
0.0052199739080704965
0.005171362817768532
0.005033933938466184
0.004819178298834714
0.004543717251089596
0.004226535108962537
0.004017265304301354
0.004339706969725743
0.004629623855846976
0.0048684547418678115
0.005038737535868698
0.005126794627259734
0.005125145835108924
0.005033933938464408
0.004860896765949363
0.004619895249950545
0.0043284775615055615
0.004005197454696852
0.003756585640463328
0.004075367051629808
0.004370970161127197
0.004626162628210917
0.004823658926597751
0.004948505446900953
0.004990525676994206
0.004946167017012559
0.004819178298834714
0.004619895249951433
0.004363368665415646
0.004066912413894563
0.00374772817058755
0.0034741764120211904
0.003780679556409705
0.004072007222112539
0.004332873229807355
0.004547120786979608
0.004699679060379047
0.004778802720515785
0.00477806286911564
0.004697520958176771
0.00454371725108782
0.004328477561506894
0.004066912413895896
0.0037751784184534287
0.003468530777372081
0.0031833109316692365
0.0034711697691758303
0.003750231938651538
0.004007436329931391
0.004228372579737627
0.004398780085276499
0.004506438831406889
0.00454306999969889
0.00450575713469803
0.004397471037205669
0.004226535108962093
0.004005197454703069
0.0037477281705866616
0.003468530777372525
0.003180648169504252
0.0029589544863042327
0.003234328301541467
0.003506086787486762
0.003762879047448653
0.003991658496644401
0.004178827085356662
0.004311833025722578
0.004380958252253819
0.004380886206270418
0.0043116225816608456
0.004178494307033986
0.003991227072972503
0.0037623766267014247
0.0035055413322604423
0.003233765193470184
0.002958394733631131
0.0029589544863037887
0.0029635676931354382
0.003234328301542355
0.0031833109316692365
0.003242193128275339
0.003506086787487206
0.0034711697691780508
0.0034741764120225227
0.0035175567909870864
0.0037628790474508733
0.003750231938651094
0.0037806795564061524
0.0037565856404606635
0.0037781119712696487
0.003991658496643957
0.004007436329933167
0.004072007222116536
0.0040753670514681595
0.004017265304306239
0.004010534739133043
0.004178827085355774
0.004228372579735851
0.004332873229805134
0.004370970161128973
0.004339706969725743
0.00424151436117759
0.004200893205861256
0.004311833025721246
0.004398780085277831
0.004547120786977832
0.0046261626282135815
0.004629623855848308
0.0045572242986224865
0.004414736686903176
0.004336294164627663
0.0043809582522547075
0.004506438831405557
0.004699679060373718
0.0048236589265981955
0.00486845474187092
0.00483034223600054
0.004712495173906817
0.004524388741701468
0.004406735227861169
0.004380886206274415
0.0045430699997015545
0.004778802720511344
0.004948505446892959
0.005038737535862037
0.005041930175331277
0.0049578103327667655
0.004793453483648236
0.0045619475674500976
0.004406735227861169
0.004311622581662178
0.004505757134701138
0.00477806286911564
0.004990525676991098
0.005126794627262399
0.005175540951961821
0.005132550471725672
0.0050015444341520165
0.004793453483648236
0.004524388741701468
0.004336294164627663
0.004178494307034875
0.0043974710372025605
0.00469752095817455
0.004946167017009451
0.005125145835112921
0.0052199739080700525
0.005222516289488777
0.005132550471725228
0.0049578103327667655
0.004712495173907261
0.004414736686903176
0.0042008932058648085
0.003991227072974279
0.004226535108961649
0.004543717251089152
0.0048191782988360465
0.005033933938464852
0.005171362817763647
0.005219973908069608
0.005175540951960045
0.0050419301753326096
0.004830342236001428
0.004557224298620266
0.004241514361179366
0.004010534739131266
0.00376237662669876
0.004005197454698184
0.004328477561501121
0.00461989524995321
0.0048608967659520275
0.005033933938464852
0.005125145835107148
0.005126794627258846
0.005038737535866034
0.00486845474187092
0.004629623855847864
0.004339706969724855
0.004017265304306239
0.003778111971270981
0.0035055413322608864
0.0037477281705866616
0.004066912413895896
0.004363368665414757
0.00461989524995321
0.004819178298833826
0.004946167017013003
0.004990525676991542
0.004948505446893847
0.004823658926603969
0.0046261626282135815
0.004370970161124976
0.004075367051628032
0.0037565856404651043
0.0035175567909879746
0.0032337651934728484
0.0034685307773716367
0.003775178418454317
0.004066912413899448
0.004328477561503785
0.00454371725108782
0.004697520958176327
0.004778062869116528
0.004778802720511344
0.004699679060378159
0.004547120786977832
0.004332873229810019
0.004072007222118312
0.0037806795564057083
0.003474176412022967
0.003242193128275339
0.0029583947336324634
0.0031806481695051403
0.0034685307773716367
0.0037477281705857735
0.004005197454703513
0.0042265351089603165
0.0043974710372025605
0.004505757134696697
0.004543069999702443
0.004506438831403781
0.004398780085277831
0.0042283725797398475
0.004007436329932723
0.0037502319386528704
0.0034711697691776067
0.0031833109316687924
0.0029635676931367705
0.002339642574366252
0.0029583947336324634
0.0032337651934732925
0.00350554133225911
0.003762376626703201
0.003991227072972059
0.004178494307035763
0.004311622581661734
0.004380886206274415
0.0043809582522551516
0.004311833025721246
0.004178827085353998
0.003991658496645734
0.0037628790474508733
0.0035060867874840973
0.003234328301541911
0.0029589544863091177
0.002958394733630243
0.0032337651934684075
0.0031737736973789232
0.003505541332259554
0.003460803396211798
0.0034608033962091334
0.0037623766267054215
0.003739104709746588
0.0037662425946081157
0.0037391047097381502
0.003991227072974279
0.0039956667080987
0.004056667737456721
0.004056667737457609
0.003995666708093815
0.004178494307037539
0.004216129521475764
0.004316872218448786
0.004351344302784277
0.004316872218448342
0.004216129521472656
0.00431162258166129
0.004386275787306548
0.004530770500434045
0.004606007485968178
0.004606007485964625
0.004530770500433601
0.004386275787306104
0.00438088620627175
0.004493913500002389
0.004683340832036809
0.0048034527497491375
0.004844630088273849
0.004803452749753134
0.004683340832040805
0.004493913500002833
0.004380958252252931
0.004530770500390524
0.00476285286341982
0.004928763461052199
0.005015348663421015
0.005015348663422792
0.004928763461057972
0.004762852863425593
0.004530770500393633
0.004311833025720357
0.004493913500001057
0.0047628528634233724
0.004971743411288809
0.005104486405481001
0.0051500454052662015
0.005104486405479669
0.004971743411288809
0.004762852863420708
0.004493913500001501
0.004178827085354886
0.004386275787304772
0.004683340832035032
0.004928763461054864
0.005104486405479225
0.00519628275103079
0.005196282751027681
0.005104486405479225
0.004928763461055752
0.004683340832035476
0.004386275787306548
0.003991658496646622
0.004216129521474876
0.004530770500432713
0.0048034527497540225
0.005015348663421015
0.005150045405265757
0.005196282751027681
0.005150045405261761
0.0050153486634214595
0.004803452749754911
0.004530770500428272
0.00421612952147532
0.0037628790474504292
0.003995666708095147
0.00431687221844923
0.0046060074859672895
0.004844630088275181
0.005015348663417907
0.005104486405478781
0.005104486405481001
0.005015348663425012
0.004844630088268076
0.004606007485965069
0.004316872218448786
0.003995666708096479
0.0035060867874840973
0.0037391047097403707
0.004056667737458497
0.004351344302788718
0.004606007485965513
0.004803452749751358
0.004928763461060637
0.004971743411289253
0.0049287634610593045
0.004803452749754911
0.0046060074859672895
0.004351344302789606
0.0040566677374562765
0.0037391047097483643
0.0032343283015432434
0.003460803396208245
0.003766242594605007
0.004056667737457609
0.004316872218447454
0.004530770500433601
0.004683340832171812
0.004762852863417599
0.004762852863426481
0.004683340832040805
0.004530770500434045
0.00431687221844923
0.004056667737458941
0.0037662425946058953
0.0034608033962109097
0.0029589544863091177
0.003173773697373594
0.0034608033962055806
0.0037391047097448116
0.003995666708099144
0.004216129521474876
0.004386275787306992
0.004493913500001501
0.004530770500388304
0.004493913500001057
0.004386275787309657
0.004216129521478429
0.003995666708094703
0.003739104709746144
0.0034608033962086893
0.003173773697376703
0.002958394733630243
0.0031806481695060285
0.0032337651934684075
0.003468530777372525
0.003468530777372525
0.003505541332259554
0.00374772817058755
0.003775178418450764
0.00374772817058755
0.0037623766267054215
0.004005197454704845
0.004066912413896784
0.004066912413896784
0.004005197454704845
0.003991227072974279
0.004226535108963425
0.004328477561504673
0.0043633686654152015
0.004328477561504673
0.004226535108963425
0.004178494307037539
0.004397471037210998
0.00454371725109004
0.004619895249950545
0.004619895249948325
0.004543717251090484
0.004397471037203449
0.00431162258166129
0.004505757134700694
0.004697520958176327
0.004819178298834714
0.004860896765951139
0.004819178298834714
0.004697520958176327
0.004505757134700694
0.00438088620627175
0.004543069999700666
0.004778062869116084
0.004946167017011671
0.005033933938472401
0.005033933938472401
0.004946167017011671
0.004778062869116084
0.004543069999700666
0.004380958252252931
0.004506438831404225
0.004778802720511788
0.004990525676990654
0.005125145835107592
0.005171362817766756
0.005125145835107592
0.004990525676990654
0.004778802720511788
0.004506438831404225
0.004311833025720357
0.004398780085280052
0.004699679060378159
0.004948505446892959
0.005126794627259734
0.0052199739080749374
0.005219973908077158
0.0051267946272610665
0.004948505446892071
0.004699679060378159
0.004398780085280052
0.004178827085354442
0.0042283725797349625
0.004547120786977832
0.0048236589266030805
0.00503873753587003
0.005175540951960045
0.005222516289493662
0.005175540951961377
0.005038737535859816
0.004823658926603969
0.004547120786977832
0.004228372579737627
0.003991658496646622
0.004007436329932279
0.004332873229810907
0.00462616262821447
0.004868454741871364
0.005041930175330389
0.005132550471727004
0.005132550471727004
0.005041930175331277
0.004868454741870476
0.004626162628214914
0.004332873229810463
0.004007436329933611
0.0037628790474504292
0.0037502319386488736
0.0040720072221192005
0.004370970161128529
0.004629623855846976
0.004830342235999652
0.0049578103327663214
0.0050015444341520165
0.0049578103327663214
0.004830342235999208
0.00462962385584742
0.004370970161128973
0.004072007222117424
0.0037502319386493177
0.0035060867874840973
0.003471169769178939
0.003780679556404376
0.004075367051630252
0.004339706969725743
0.004557224298622042
0.004712495173907705
0.004793453483648236
0.004793453483648236
0.004712495173907705
0.004557224298620266
0.004339706969725299
0.004075367051625811
0.003780679556404376
0.003471169769178939
0.0032343283015432434
0.0031833109316696806
0.003474176412022967
0.0037565856404651043
0.004017265304307127
0.004241514361178922
0.004414736686902732
0.004524388741701468
0.0045619475674500976
0.004524388741701468
0.00441473668690362
0.0042415143611771455
0.004017265304306683
0.0037565856404651043
0.003474176412022967
0.0031833109316696806
0.0029589544863091177
0.0029635676931354382
0.0032421931282762273
0.0035175567909879746
0.0037781119712683164
0.004010534739133043
0.004200893205861256
0.004336294164626331
0.004406735227861169
0.004406735227861169
0.004336294164626331
0.0042008932058648085
0.004010534739132154
0.003778111971270981
0.0035175567909879746
0.0032421931282762273
0.0029635676931354382
0.002339642574366252
0.0031737736973789232
0.003460803396211798
0.0034608033962091334
0.003739104709746588
0.0037662425946081157
0.0037391047097381502
0.0039956667080987
0.004056667737456721
0.004056667737457609
0.003995666708093815
0.004216129521475764
0.004316872218448786
0.004351344302784277
0.004316872218448342
0.004216129521472656
0.004386275787306548
0.004530770500434045
0.004606007485968178
0.004606007485964625
0.004530770500433601
0.004386275787306104
0.004493913500002389
0.004683340832036809
0.0048034527497491375
0.004844630088273849
0.004803452749753134
0.004683340832040805
0.004493913500002833
0.004530770500390524
0.00476285286341982
0.004928763461052199
0.005015348663421015
0.005015348663422792
0.004928763461057972
0.004762852863425593
0.004530770500393633
0.004493913500001057
0.0047628528634233724
0.004971743411288809
0.005104486405481001
0.0051500454052662015
0.005104486405479669
0.004971743411288809
0.004762852863420708
0.004493913500001501
0.004386275787304772
0.004683340832035032
0.004928763461054864
0.005104486405479225
0.00519628275103079
0.005196282751027681
0.005104486405479225
0.004928763461055752
0.004683340832035476
0.004386275787306548
0.004216129521474876
0.004530770500432713
0.0048034527497540225
0.005015348663421015
0.005150045405265757
0.005196282751027681
0.005150045405261761
0.0050153486634214595
0.004803452749754911
0.004530770500428272
0.00421612952147532
0.003995666708095147
0.00431687221844923
0.0046060074859672895
0.004844630088275181
0.005015348663417907
0.005104486405478781
0.005104486405481001
0.005015348663425012
0.004844630088268076
0.004606007485965069
0.004316872218448786
0.003995666708096479
0.0037391047097403707
0.004056667737458497
0.004351344302788718
0.004606007485965513
0.004803452749751358
0.004928763461060637
0.004971743411289253
0.0049287634610593045
0.004803452749754911
0.0046060074859672895
0.004351344302789606
0.0040566677374562765
0.0037391047097483643
0.003460803396208245
0.003766242594605007
0.004056667737457609
0.004316872218447454
0.004530770500433601
0.004683340832171812
0.004762852863417599
0.004762852863426481
0.004683340832040805
0.004530770500434045
0.00431687221844923
0.004056667737458941
0.0037662425946058953
0.0034608033962109097
0.003173773697373594
0.0034608033962055806
0.0037391047097448116
0.003995666708099144
0.004216129521474876
0.004386275787306992
0.004493913500001501
0.004530770500388304
0.004493913500001057
0.004386275787309657
0.004216129521478429
0.003995666708094703
0.003739104709746144
0.0034608033962086893
0.003173773697376703
0.0029583947336324634
0.0032337651934737366
0.00350554133225911
0.003762376626703201
0.003991227072972947
0.004178494307035763
0.004311622581661734
0.004380886206274415
0.004380958252255596
0.00431183302572169
0.004178827085355774
0.0039916584966452895
0.0037628790474513174
0.0035060867874863177
0.003234328301542355
0.0029589544863091177
0.0029583947336324634
0.0031806481695060285
0.0032337651934737366
0.003468530777372081
0.003468530777372081
0.00350554133225911
0.0037477281705862175
0.003775178418450764
0.0037477281705862175
0.003762376626703201
0.004005197454703513
0.0040669124138954516
0.0040669124138954516
0.004005197454703513
0.003991227072972947
0.004226535108962093
0.004328477561504673
0.004363368665412537
0.004328477561504229
0.004226535108962093
0.004178494307035763
0.004397471037203449
0.004543717251088708
0.004619895249950545
0.004619895249944772
0.00454371725109004
0.004397471037203893
0.004311622581661734
0.004505757134699806
0.00469752095817455
0.004819178298833382
0.004860896765949363
0.004819178298833382
0.00469752095817455
0.00450575713470025
0.004380886206274415
0.00454306999970111
0.004778062869115196
0.004946167017012115
0.005033933938461743
0.005033933938461743
0.004946167017012115
0.004778062869115196
0.00454306999970111
0.004380958252255596
0.004506438831405557
0.0047788027205109
0.004990525676990654
0.005125145835108036
0.0051713628177649795
0.005125145835108036
0.004990525676990654
0.004778802720511344
0.004506438831405557
0.00431183302572169
0.004398780085280496
0.004699679060373718
0.004948505446891627
0.005126794627259734
0.0052199739080749374
0.00521997390807627
0.0051267946272610665
0.004948505446892071
0.004699679060373718
0.004398780085280496
0.004178827085354442
0.004228372579736739
0.004547120786977832
0.0048236589266030805
0.00503873753587003
0.005175540951960045
0.0052225162894927735
0.005175540951961377
0.005038737535859816
0.004823658926603525
0.004547120786977832
0.004228372579738515
0.0039916584966452895
0.004007436329932279
0.004332873229812684
0.00462616262821447
0.004868454741871808
0.005041930175329945
0.005132550471725672
0.005132550471725672
0.005041930175330833
0.004868454741871808
0.004626162628214914
0.004332873229810907
0.004007436329932723
0.0037628790474513174
0.003750231938649762
0.004072007222115648
0.004370970161129417
0.004629623855848308
0.00483034223600054
0.004957810332765433
0.0050015444341520165
0.004957810332765433
0.004830342236000096
0.004629623855848308
0.004370970161129861
0.004072007222117424
0.00375023193865065
0.0035060867874863177
0.003471169769179827
0.003780679556404376
0.004075367051630252
0.004339706969721746
0.004557224298622042
0.004712495173907705
0.004793453483648236
0.004793453483648236
0.004712495173907705
0.004557224298620266
0.004339706969725743
0.004075367051625811
0.003780679556404376
0.003471169769179827
0.003234328301542355
0.0031833109316692365
0.003474176412023411
0.003756585640464216
0.004017265304306239
0.00424151436117759
0.00441473668690362
0.004524388741701468
0.0045619475674500976
0.004524388741701468
0.00441473668690362
0.0042415143611771455
0.004017265304306239
0.003756585640464216
0.003474176412023411
0.0031833109316692365
0.0029589544863091177
0.0029635676931354382
0.003242193128275339
0.0035175567909879746
0.0037781119712683164
0.004010534739133043
0.004200893205861256
0.004336294164626331
0.004406735227861169
0.004406735227861169
0.004336294164626331
0.0042008932058648085
0.004010534739132154
0.003778111971270981
0.0035175567909879746
0.003242193128275339
0.0029635676931354382
0.0029583947336324634
0.0031806481695060285
0.0032337651934737366
0.003468530777372081
0.003468530777372081
0.00350554133225911
0.0037477281705862175
0.003775178418450764
0.0037477281705862175
0.003762376626703201
0.004005197454703513
0.0040669124138954516
0.0040669124138954516
0.004005197454703513
0.003991227072972947
0.004226535108962093
0.004328477561504673
0.004363368665412537
0.004328477561504229
0.004226535108962093
0.004178494307035763
0.004397471037203449
0.004543717251088708
0.004619895249950545
0.004619895249944772
0.00454371725109004
0.004397471037203893
0.004311622581661734
0.004505757134699806
0.00469752095817455
0.004819178298833382
0.004860896765949363
0.004819178298833382
0.00469752095817455
0.00450575713470025
0.004380886206274415
0.00454306999970111
0.004778062869115196
0.004946167017012115
0.005033933938461743
0.005033933938461743
0.004946167017012115
0.004778062869115196
0.00454306999970111
0.004380958252255596
0.004506438831405557
0.0047788027205109
0.004990525676990654
0.005125145835108036
0.0051713628177649795
0.005125145835108036
0.004990525676990654
0.004778802720511344
0.004506438831405557
0.00431183302572169
0.004398780085280496
0.004699679060373718
0.004948505446891627
0.005126794627259734
0.0052199739080749374
0.00521997390807627
0.0051267946272610665
0.004948505446892071
0.004699679060373718
0.004398780085280496
0.004178827085354442
0.004228372579736739
0.004547120786977832
0.0048236589266030805
0.00503873753587003
0.005175540951960045
0.0052225162894927735
0.005175540951961377
0.005038737535859816
0.004823658926603525
0.004547120786977832
0.004228372579738515
0.0039916584966452895
0.004007436329932279
0.004332873229812684
0.00462616262821447
0.004868454741871808
0.005041930175329945
0.005132550471725672
0.005132550471725672
0.005041930175330833
0.004868454741871808
0.004626162628214914
0.004332873229810907
0.004007436329932723
0.0037628790474513174
0.003750231938649762
0.004072007222115648
0.004370970161129417
0.004629623855848308
0.00483034223600054
0.004957810332765433
0.0050015444341520165
0.004957810332765433
0.004830342236000096
0.004629623855848308
0.004370970161129861
0.004072007222117424
0.00375023193865065
0.0035060867874863177
0.003471169769179827
0.003780679556404376
0.004075367051630252
0.004339706969721746
0.004557224298622042
0.004712495173907705
0.004793453483648236
0.004793453483648236
0.004712495173907705
0.004557224298620266
0.004339706969725743
0.004075367051625811
0.003780679556404376
0.003471169769179827
0.003234328301542355
0.0031833109316692365
0.003474176412023411
0.003756585640464216
0.004017265304306239
0.00424151436117759
0.00441473668690362
0.004524388741701468
0.0045619475674500976
0.004524388741701468
0.00441473668690362
0.0042415143611771455
0.004017265304306239
0.003756585640464216
0.003474176412023411
0.0031833109316692365
0.0029589544863091177
0.0031737736973789232
0.0034608033962095774
0.0034608033962135742
0.0037391047097381502
0.0037662425946081157
0.003739104709746588
0.003995666708093815
0.004056667737457609
0.0040566677374562765
0.003995666708099144
0.004216129521473544
0.004316872218448342
0.004351344302786497
0.004316872218444789
0.004216129521475764
0.00438627578730566
0.004530770500433601
0.0046060074859672895
0.004606007485964181
0.004530770500434933
0.004386275787308325
0.004493913500002833
0.004683340832039473
0.004803452749753134
0.004844630088273849
0.0048034527497491375
0.004683340832037697
0.004493913500002833
0.004530770500390524
0.004762852863425149
0.004928763461057972
0.005015348663422792
0.005015348663420571
0.0049287634610539754
0.00476285286341982
0.004530770500393633
0.004493913500001057
0.004762852863420708
0.004971743411288809
0.005104486405479225
0.0051500454052666456
0.005104486405481001
0.004971743411288809
0.0047628528634233724
0.004493913500001501
0.00438627578730344
0.004683340832034588
0.004928763461056196
0.005104486405480557
0.0051962827510299014
0.00519628275103079
0.005104486405481001
0.004928763461054864
0.004683340832035476
0.00438627578730566
0.004216129521474432
0.004530770500431824
0.004803452749756243
0.005015348663418795
0.005150045405267534
0.005196282751028125
0.005150045405264425
0.005015348663422792
0.004803452749753578
0.004530770500432713
0.004216129521470435
0.003995666708099144
0.004316872218447454
0.004606007485967734
0.004844630088268076
0.005015348663424124
0.0051044864054818895
0.005104486405479225
0.005015348663417463
0.004844630088275181
0.0046060074859672895
0.00431687221844923
0.003995666708094259
0.0037391047097501406
0.004056667737458053
0.0043513443027927146
0.004606007485966845
0.004803452749751802
0.0049287634610544195
0.004971743411287921
0.0049287634610544195
0.00480345274975047
0.004606007485966845
0.004351344302790938
0.004056667737458497
0.0037391047097399266
0.0034608033962109097
0.003766242594604563
0.004056667737454944
0.004316872218442569
0.004530770500431824
0.004683340832039029
0.004762852863426481
0.0047628528634184875
0.004683340832031924
0.004530770500434933
0.00431687221844701
0.0040566677374562765
0.003766242594604119
0.003460803396207357
0.003173773697376703
0.0034608033962086893
0.003739104709746144
0.0039956667080933705
0.004216129521477541
0.004386275787310545
0.004493913500001057
0.004530770500388304
0.004493913500001501
0.004386275787308769
0.00421612952147532
0.003995666708099144
0.0037391047097448116
0.0034608033962055806
0.003173773697373594
0.0031806481695060285
0.003468530777372081
0.003468530777372081
0.0037477281705862175
0.003775178418450764
0.0037477281705862175
0.004005197454703513
0.0040669124138954516
0.0040669124138954516
0.004005197454702181
0.004226535108962093
0.004328477561504673
0.004363368665412537
0.004328477561504229
0.004226535108962093
0.004397471037203449
0.004543717251088708
0.004619895249950545
0.004619895249944772
0.00454371725109004
0.004397471037203893
0.004505757134699806
0.00469752095817455
0.004819178298833382
0.004860896765949363
0.004819178298833382
0.00469752095817455
0.00450575713470025
0.00454306999970111
0.004778062869115196
0.004946167017012115
0.005033933938461743
0.005033933938461743
0.004946167017012115
0.004778062869115196
0.00454306999970111
0.004506438831405557
0.0047788027205109
0.004990525676990654
0.005125145835108036
0.0051713628177649795
0.005125145835108036
0.004990525676990654
0.004778802720511344
0.004506438831405557
0.004398780085280496
0.004699679060373718
0.004948505446891627
0.005126794627259734
0.0052199739080749374
0.00521997390807627
0.0051267946272610665
0.004948505446892071
0.004699679060373718
0.004398780085280496
0.004228372579736739
0.004547120786977832
0.0048236589266030805
0.00503873753587003
0.005175540951960045
0.0052225162894927735
0.005175540951961377
0.005038737535859816
0.004823658926603525
0.004547120786977832
0.004228372579738071
0.004007436329932279
0.004332873229812684
0.00462616262821447
0.004868454741871808
0.005041930175329945
0.005132550471725672
0.005132550471725672
0.005041930175330833
0.004868454741871808
0.004626162628214914
0.004332873229810907
0.004007436329932723
0.003750231938649762
0.004072007222115648
0.004370970161129417
0.004629623855848308
0.00483034223600054
0.004957810332765433
0.0050015444341520165
0.004957810332765433
0.004830342236000096
0.004629623855848308
0.004370970161129861
0.004072007222117424
0.00375023193865065
0.003471169769179827
0.003780679556404376
0.004075367051630252
0.004339706969721746
0.004557224298622042
0.004712495173907705
0.004793453483648236
0.004793453483648236
0.004712495173907705
0.004557224298620266
0.004339706969725743
0.004075367051625811
0.003780679556404376
0.003471169769179827
0.0031833109316692365
0.003474176412023411
0.003756585640464216
0.004017265304306239
0.00424151436117759
0.00441473668690362
0.004524388741701468
0.0045619475674500976
0.004524388741701468
0.00441473668690362
0.0042415143611771455
0.004017265304306239
0.003756585640464216
0.003474176412023411
0.0031833109316692365
0.002958394733630243
0.0031737736973789232
0.0032337651934688516
0.0034608033962095774
0.0034608033962135742
0.003505541332259554
0.0037391047097381502
0.0037662425946081157
0.003739104709746588
0.0037623766267049774
0.003995666708093815
0.004056667737457609
0.0040566677374562765
0.003995666708099144
0.0039912270729747235
0.004216129521473544
0.004316872218448342
0.004351344302786497
0.004316872218444789
0.004216129521475764
0.004178494307038427
0.00438627578730566
0.004530770500433601
0.0046060074859672895
0.004606007485964181
0.004530770500434933
0.004386275787308325
0.00431162258166129
0.004493913500002833
0.004683340832039473
0.004803452749753134
0.004844630088273849
0.0048034527497491375
0.004683340832037697
0.004493913500002833
0.00438088620627175
0.004530770500390524
0.004762852863425149
0.004928763461057972
0.005015348663422792
0.005015348663420571
0.0049287634610539754
0.00476285286341982
0.004530770500393633
0.004380958252252931
0.004493913500001057
0.004762852863420708
0.004971743411288809
0.005104486405479225
0.0051500454052666456
0.005104486405481001
0.004971743411288809
0.0047628528634233724
0.004493913500001501
0.004311833025721246
0.00438627578730344
0.004683340832034588
0.004928763461056196
0.005104486405480557
0.0051962827510299014
0.00519628275103079
0.005104486405481001
0.004928763461054864
0.004683340832035476
0.00438627578730566
0.0041788270853531095
0.004216129521474432
0.004530770500431824
0.004803452749756243
0.005015348663418795
0.005150045405267534
0.005196282751028125
0.005150045405264425
0.005015348663422792
0.004803452749753578
0.004530770500432713
0.004216129521470435
0.003991658496646178
0.003995666708099144
0.004316872218447454
0.004606007485967734
0.004844630088268076
0.005015348663424124
0.0051044864054818895
0.005104486405479225
0.005015348663417463
0.004844630088275181
0.0046060074859672895
0.00431687221844923
0.003995666708094259
0.0037628790474504292
0.0037391047097501406
0.004056667737458053
0.0043513443027927146
0.004606007485966845
0.004803452749751802
0.0049287634610544195
0.004971743411287921
0.0049287634610544195
0.00480345274975047
0.004606007485966845
0.004351344302790938
0.004056667737458497
0.0037391047097399266
0.0035060867874845414
0.0034608033962109097
0.003766242594604563
0.004056667737454944
0.004316872218442569
0.004530770500431824
0.004683340832039029
0.004762852863426481
0.0047628528634184875
0.004683340832031924
0.004530770500434933
0.00431687221844701
0.0040566677374562765
0.003766242594604119
0.003460803396207357
0.0032343283015432434
0.003173773697376703
0.0034608033962086893
0.003739104709746144
0.0039956667080933705
0.004216129521477541
0.004386275787310545
0.004493913500001057
0.004530770500388304
0.004493913500001501
0.004386275787308769
0.00421612952147532
0.003995666708099144
0.0037391047097448116
0.0034608033962055806
0.003173773697373594
0.0029589544863091177
0.002958394733630243
0.0032337651934684075
0.0031806481695060285
0.003505541332259554
0.003468530777372525
0.003468530777372525
0.0037623766267054215
0.00374772817058755
0.003775178418450764
0.00374772817058755
0.003991227072974279
0.004005197454704845
0.004066912413896784
0.004066912413896784
0.004005197454704845
0.004178494307037539
0.004226535108963425
0.004328477561504673
0.0043633686654152015
0.004328477561504673
0.004226535108963425
0.00431162258166129
0.004397471037210998
0.00454371725109004
0.004619895249950545
0.004619895249948325
0.004543717251090484
0.004397471037203449
0.00438088620627175
0.004505757134700694
0.004697520958176327
0.004819178298834714
0.004860896765951139
0.004819178298834714
0.004697520958176327
0.004505757134700694
0.004380958252252931
0.004543069999700666
0.004778062869116084
0.004946167017011671
0.005033933938472401
0.005033933938472401
0.004946167017011671
0.004778062869116084
0.004543069999700666
0.004311833025720357
0.004506438831404225
0.004778802720511788
0.004990525676990654
0.005125145835107592
0.005171362817766756
0.005125145835107592
0.004990525676990654
0.004778802720511788
0.004506438831404225
0.004178827085354886
0.004398780085280052
0.004699679060378159
0.004948505446892959
0.005126794627259734
0.0052199739080749374
0.005219973908077158
0.0051267946272610665
0.004948505446892071
0.004699679060378159
0.004398780085280052
0.003991658496646622
0.0042283725797349625
0.004547120786977832
0.0048236589266030805
0.00503873753587003
0.005175540951960045
0.005222516289493662
0.005175540951961377
0.005038737535859816
0.004823658926603969
0.004547120786977832
0.004228372579737627
0.0037628790474504292
0.004007436329932279
0.004332873229810907
0.00462616262821447
0.004868454741871364
0.005041930175330389
0.005132550471727004
0.005132550471727004
0.005041930175331277
0.004868454741870476
0.004626162628214914
0.004332873229810463
0.004007436329933611
0.0035060867874840973
0.0037502319386488736
0.0040720072221192005
0.004370970161128529
0.004629623855846976
0.004830342235999652
0.0049578103327663214
0.0050015444341520165
0.0049578103327663214
0.004830342235999208
0.00462962385584742
0.004370970161128973
0.004072007222117424
0.0037502319386493177
0.0032343283015432434
0.003471169769178939
0.003780679556404376
0.004075367051630252
0.004339706969725743
0.004557224298622042
0.004712495173907705
0.004793453483648236
0.004793453483648236
0.004712495173907705
0.004557224298620266
0.004339706969725299
0.004075367051625811
0.003780679556404376
0.003471169769178939
0.0029589544863091177
0.0031833109316696806
0.003474176412022967
0.0037565856404651043
0.004017265304307127
0.004241514361178922
0.004414736686902732
0.004524388741701468
0.0045619475674500976
0.004524388741701468
0.00441473668690362
0.0042415143611771455
0.004017265304306683
0.0037565856404651043
0.003474176412022967
0.0031833109316696806
0.0031737736973789232
0.003460803396211798
0.0034608033962091334
0.003739104709746588
0.0037662425946081157
0.0037391047097381502
0.0039956667080987
0.004056667737456721
0.004056667737457609
0.003995666708093815
0.004216129521475764
0.004316872218448786
0.004351344302784277
0.004316872218448342
0.004216129521472656
0.004386275787306548
0.004530770500434045
0.004606007485968178
0.004606007485964625
0.004530770500433601
0.004386275787306104
0.004493913500002389
0.004683340832036809
0.0048034527497491375
0.004844630088273849
0.004803452749753134
0.004683340832040805
0.004493913500002833
0.004530770500390524
0.00476285286341982
0.004928763461052199
0.005015348663421015
0.005015348663422792
0.004928763461057972
0.004762852863425593
0.004530770500393633
0.004493913500001057
0.0047628528634233724
0.004971743411288809
0.005104486405481001
0.0051500454052662015
0.005104486405479669
0.004971743411288809
0.004762852863420708
0.004493913500001501
0.004386275787304772
0.004683340832035032
0.004928763461054864
0.005104486405479225
0.00519628275103079
0.005196282751027681
0.005104486405479225
0.004928763461055752
0.004683340832035476
0.004386275787306548
0.004216129521474876
0.004530770500432713
0.0048034527497540225
0.005015348663421015
0.005150045405265757
0.005196282751027681
0.005150045405261761
0.0050153486634214595
0.004803452749754911
0.004530770500428272
0.00421612952147532
0.003995666708095147
0.00431687221844923
0.0046060074859672895
0.004844630088275181
0.005015348663417907
0.005104486405478781
0.005104486405481001
0.005015348663425012
0.004844630088268076
0.004606007485965069
0.004316872218448786
0.003995666708096479
0.0037391047097403707
0.004056667737458497
0.004351344302788718
0.004606007485965513
0.004803452749751358
0.004928763461060637
0.004971743411289253
0.0049287634610593045
0.004803452749754911
0.0046060074859672895
0.004351344302789606
0.0040566677374562765
0.0037391047097483643
0.003460803396208245
0.003766242594605007
0.004056667737457609
0.004316872218447454
0.004530770500433601
0.004683340832171812
0.004762852863417599
0.004762852863426481
0.004683340832040805
0.004530770500434045
0.00431687221844923
0.004056667737458941
0.0037662425946058953
0.0034608033962109097
0.003173773697373594
0.0034608033962055806
0.0037391047097456998
0.003995666708100032
0.004216129521474876
0.004386275787306548
0.004493913500001501
0.004530770500388304
0.004493913500001057
0.004386275787309657
0.0042161295214766525
0.003995666708094259
0.0037391047097456998
0.0034608033962086893
0.003173773697376703
