0.0033623916191443115
0.004049257784232374
0.004040423700466089
0.004057122908814215
0.004059615210452616
0.004048213066833117
0.004066947119730102
0.004076677707120169
0.004076590651283407
0.004057920225505107
0.00407850104594587
0.004095530893647226
0.004107274277119988
0.004095297633730954
0.004069316823742675
0.004091462407967761
0.0041158671927852275
0.004139417815441693
0.00413927091746924
0.004115427346413902
0.004082082034052359
0.004105410353167471
0.004137274189218942
0.004172578243011316
0.004184250210244933
0.004172223060051827
0.0041365658560019725
0.004095796967190424
0.004119815879575661
0.004159225657319077
0.004206184882324049
0.004229626301907263
0.004229417030644278
0.004205558250109931
0.004158185206913245
0.00410993519726599
0.004134031498675306
0.004181069833701034
0.004239526322723286
0.004274634191360871
0.004286197368108091
0.0042741512592519015
0.0042385631496149045
0.004179631781319859
0.004123852531968009
0.004147281096575917
0.00420201746239135
0.00427173607085507
0.0043183365859102985
0.004341563189734998
0.00434128833279912
0.004317513518368621
0.004270369301401455
0.0042001144717449534
0.004136776982742063
0.004158651248082457
0.004221131077719598
0.004301779476671541
0.004359608459917119
0.00439430673151886
0.004405687422631033
0.004393689225212771
0.004358376765245975
0.004299940209217201
0.004218694109772603
0.004147800173285976
0.004167085695599759
0.0042373172936280845
0.004328444222360339
0.004397125532346724
0.004442999632862321
0.004465824865118151
0.0044654809437392196
0.004441969677394297
0.004395414955061572
0.004326062010100884
0.004234275953238331
0.004155871879881534
0.004171385197283328
0.004249324463727611
0.0043503371343001085
0.004429359956994006
0.004485987178105777
0.004519927826712955
0.004531007417686528
0.004519168975479992
0.004484473368456143
0.004427098949666419
0.004347340515145071
0.004245607575009913
0.004159799900548045
0.004170215413068057
0.004255748566673212
0.004365890730967159
0.004454587131194732
0.004521394937429868
0.004565980315732965
0.004588120338691937
0.004587704263815606
0.004564734165425133
0.004519324929281421
0.004451703586908273
0.004362208016076785
0.004251285015560047
0.0041582578584686836
0.00416212577325048
0.004255050606362776
0.004373383382898055
0.004470908116676053
0.004547152899128548
0.004601748430526964
0.004634430072589346
0.004645039328126543
0.0046335247279221115
0.004599942120534717
0.004544454360522199
0.004467330392659452
0.004368943749584631
0.00424977048225994
0.004149803908410021
0.004145582341899434
0.004245588905589237
0.004370977059667158
0.004476292253309921
0.004561042301016727
0.004624830689700765
0.004667358716105241
0.0046884271033138525
0.0046879370884131966
0.004665890962168184
0.004622392058578839
0.004557644185499754
0.004471950518076362
0.004365711954496199
0.004239424956997251
0.004132913284762729
0.0041190170521216984
0.0042256692163897824
0.004356776080831626
0.004468643900601865
0.004560769633746187
0.004632738506270773
0.004684226167588346
0.004715000391953605
0.0047249223039518284
0.004713947111122163
0.004682124346874428
0.0046295976023920105
0.004556603769325207
0.004463471790454143
0.00435062093436045
0.004218558617882895
0.004106027096758336
0.0033623916191443115
0.004094299151513603
0.004167489447681749
0.004232288733613476
0.004288318188177431
0.00433519548969219
0.00437253317993358
0.004399934861846866
0.004416990790256925
0.004423273315907306
0.004418332783372669
0.004401694727626637
0.004372859441068577
0.004331305218949311
0.004276496755646342
0.004207900169979517
0.0041250058755886165
0.0033623916191434233
0.004040423700466089
0.004059615210452616
0.004048213066833117
0.004076677707120169
0.004076590651283407
0.004057920225505107
0.004095530893647226
0.004107274277119988
0.004095297633730954
0.0040693168237417865
0.0041158671927852275
0.004139417815441693
0.00413927091746924
0.004115427346413902
0.004082082034052803
0.004137274189218942
0.004172578243011316
0.004184250210244933
0.004172223060051827
0.0041365658560019725
0.004095796967190868
0.004159225657319077
0.004206184882324049
0.004229626301907263
0.004229417030644278
0.004205558250109931
0.004158185206913245
0.00410993519726599
0.004181069833701034
0.004239526322723286
0.004274634191360871
0.004286197368108091
0.0042741512592519015
0.0042385631496149045
0.004179631781319859
0.004123852531966676
0.00420201746239135
0.00427173607085507
0.0043183365859102985
0.004341563189734998
0.00434128833279912
0.004317513518368621
0.004270369301401455
0.0042001144717449534
0.004136776982742063
0.004221131077719598
0.004301779476671541
0.004359608459917119
0.00439430673151886
0.004405687422631033
0.004393689225212771
0.004358376765245975
0.004299940209217201
0.004218694109772603
0.004147800173285976
0.0042373172936280845
0.004328444222360339
0.004397125532346724
0.004442999632862321
0.004465824865118151
0.0044654809437392196
0.004441969677394297
0.004395414955061572
0.004326062010100884
0.004234275953238331
0.004155871879881534
0.004249324463727611
0.0043503371343001085
0.004429359956994006
0.004485987178105777
0.004519927826712955
0.004531007417686528
0.004519168975479992
0.004484473368456143
0.004427098949666419
0.004347340515145071
0.004245607575009913
0.004159799900548045
0.004255748566673212
0.004365890730967159
0.004454587131194732
0.004521394937429868
0.004565980315732965
0.004588120338691937
0.004587704263815606
0.004564734165425133
0.004519324929281421
0.004451703586908273
0.004362208016076785
0.004251285015560047
0.0041582578584686836
0.004255050606362776
0.004373383382898055
0.004470908116676053
0.004547152899128548
0.004601748430526964
0.004634430072589346
0.004645039328126543
0.0046335247279221115
0.004599942120534717
0.004544454360522199
0.004467330392659452
0.004368943749584631
0.00424977048225994
0.004149803908410021
0.004245588905589237
0.004370977059667158
0.004476292253309921
0.004561042301016727
0.004624830689700765
0.004667358716105241
0.0046884271033138525
0.0046879370884131966
0.004665890962168184
0.004622392058578839
0.004557644185499754
0.004471950518076362
0.004365711954496199
0.004239424956997251
0.004132913284761841
0.0042256692163897824
0.004356776080831626
0.004468643900601865
0.004560769633746187
0.004632738506270773
0.004684226167588346
0.004715000391953605
0.0047249223039518284
0.004713947111122163
0.004682124346874428
0.0046295976023920105
0.004556603769325207
0.004463471790454143
0.00435062093436045
0.004218558617882895
0.004106027096758336
0.004094299151513603
0.004167489447681749
0.004232288733613476
0.004288318188176543
0.004335195489692634
0.004372533179934024
0.004399934861846866
0.004416990790255593
0.004423273315907306
0.004418332783372669
0.004401694727626637
0.004372859441068577
0.004331305218949311
0.004276496755646342
0.004207900169978629
0.0041250058755886165
0.0033623916191434233
0.004035926415450586
0.004035926415450586
0.004043818498725482
0.004050734281393353
0.004043818498725038
0.004053684043948902
0.004068008143149449
0.004068008143149449
0.004053684043948902
0.004065296838750232
0.004087130675761497
0.004099049022632251
0.004087130675761497
0.004065296838750232
0.004078338770380885
0.004107799241993337
0.004131618433503181
0.004131618433503181
0.004107799241990673
0.004078338770383549
0.00409239414191509
0.0041296071082914665
0.004165280706619701
0.004177194872167611
0.0041652807066192565
0.004129607108287026
0.004092394141914202
0.0041069400547293355
0.004152034265264781
0.004199473017550748
0.004223260297778086
0.004223260297777642
0.00419947301754986
0.004152034265274107
0.004106940054728003
0.004121335982888219
0.00417443539247131
0.004233491951166624
0.004269059304512712
0.0042809373670538164
0.004269059304511824
0.004233491951165291
0.00417443539247131
0.004121335982889107
0.004134813474858667
0.004196027497794574
0.004266478653817796
0.004313663698041648
0.00433732166588241
0.00433732166588241
0.004313663698039871
0.004266478653818684
0.00419602749779413
0.0041348134748591114
0.004146467209995119
0.004215878618229141
0.004297405083887984
0.004355956271985484
0.004391214576418445
0.004402988648278594
0.004391214576418445
0.004355956271984596
0.004297405083891093
0.004215878618230029
0.004146467209998228
0.004155249102285374
0.004232899384728039
0.004325063621506864
0.004394618277294704
0.004441194258386627
0.004464544260973646
0.004464544260971426
0.004441194258386183
0.00439461827729426
0.004325063621502867
0.004232899384731148
0.00415524910228493
0.004159967621562455
0.0042458397761744315
0.00434806279842892
0.004428123842847409
0.004485608454033674
0.004520218834765721
0.004531775599436294
0.004520218834904277
0.004485608454031453
0.004428123842846521
0.004348062798429808
0.00424583977617532
0.0041599676215611225
0.004159294989461326
0.004253293945818193
0.0043648325786946884
0.004454745325048304
0.004522579468144716
0.004567993171107787
0.0045907574377159754
0.004590757437715087
0.004567993171103346
0.0045225794681460485
0.00445474532504786
0.0043648325786946884
0.004253293945818637
0.0041592949894626585
0.0041517852110466436
0.004253716468888946
0.004373643146644568
0.004472574125442996
0.004550026477957658
0.00460562175213175
0.004639088091169974
0.004650261764012953
0.0046390880911681975
0.004605621752131306
0.00455002647795677
0.004472574125442996
0.0043736431466423475
0.004253716468887614
0.0041517852110461995
0.00413590597399871
0.0042454534913694
0.004372641297891722
0.00447956174867592
0.004565710588694927
0.004630681072710363
0.004674166177774275
0.0046959602787595145
0.0046959602787595145
0.004674166177774719
0.004630681072708143
0.0045657105886940386
0.004479561748677252
0.004372641297891722
0.0042454534913680675
0.004135905973997378
0.004110086887076925
0.004226791878499281
0.004359908077054886
0.004473585258307544
0.004567307382322472
0.004640648472029607
0.004693274843863726
0.004724946875398928
0.004735520280072514
0.004724946875398928
0.004693274843863726
0.004640648472030939
0.004567307382322472
0.004473585258307544
0.004359908077054886
0.004226791878499281
0.004110086887076925
0.0033623916191434233
0.004158153742324089
0.0042989131447299656
0.004420757115785712
0.004523140319389718
0.004605603916501444
0.004667777921680383
0.004709383136574985
0.004730232605896667
0.004730232605896667
0.004709383136574985
0.004667777921678606
0.00460560391650322
0.004523140319386165
0.004420757115785712
0.0042989131447299656
0.004158153742324089
0.0033623916191434233
0.004041941400534377
0.0040588912062475835
0.004058891206245363
0.004077610837303958
0.0040893938938340035
0.004077610837302625
0.004097797051923813
0.004121341799995015
0.004121341799995015
0.004097797051926477
0.004119043114857224
0.004154298410754986
0.0041660726671768344
0.004154298410757207
0.00411904311485678
0.004140829960692205
0.004187701210488726
0.004211203315173329
0.004211203315169776
0.004187701210487393
0.004140829960693981
0.00416251458872452
0.004220848754707962
0.004255979826745193
0.004267711986666534
0.0042559798267367555
0.004220848754711515
0.004162514588721855
0.004183318224782351
0.0042528864385977805
0.004299478130984635
0.004322838000732521
0.004322838000732521
0.004299478130979306
0.0042528864385977805
0.004183318224785015
0.004202315634242559
0.0042827934792177835
0.004340588616788654
0.004375390462488582
0.004387011909785521
0.004375390462483697
0.004340588616787322
0.0042827934792177835
0.004202315634240339
0.0042184273542833495
0.00430937331051684
0.004378004513107214
0.004423960195717225
0.004446998645863065
0.004446998645862177
0.00442396019572433
0.004378004513104994
0.004309373310518172
0.004218427354290455
0.004230417140514309
0.004331250138037479
0.004410217269872785
0.004466913627726665
0.004501048289925702
0.0045124460191319216
0.0045010482899230375
0.004466913627725777
0.004410217269866568
0.004331250138036147
0.004230417140508536
0.004236897427479569
0.004346874963782721
0.004435522762856969
0.004502398761308868
0.0045471691870715425
0.004569610455434248
0.004569610455434248
0.004547169187067546
0.004502398761304427
0.004435522762860522
0.004346874963784497
0.004236897427475128
0.004236346043489103
0.004354544919596748
0.004452042750897167
0.004528368217778134
0.004583151994883572
0.004616128793070384
0.004627138845046286
0.004616128793070384
0.004583151994880463
0.0045283682177821305
0.00445204275090072
0.0043545449195900865
0.004236346043488659
0.004227137524578151
0.004352439832663535
0.004457766123621809
0.0045426245253654685
0.004606618313169886
0.0046494480442556
0.004670913181685776
0.004670913181688441
0.004649448044253379
0.004606618313169886
0.004542624525368133
0.004457766123625362
0.004352439832662203
0.004227137524578151
0.004207591950856848
0.004338679450697214
0.004450613879532828
0.004542892133228893
0.004615098948692609
0.004666909059146462
0.004698088899297126
0.004708497833241676
0.004698088899294017
0.004666909059144686
0.004615098948693941
0.004542892133228893
0.004450613879531051
0.0043386794507007664
0.004207591950854628
0.0040897196514042555
0.004163006220138765
0.004227980802063769
0.004284264569873297
0.0043314748359342126
0.00436922329296463
0.004397112053064145
0.004414729040068899
0.004421643190400726
0.004417400085494183
0.004401518854800557
0.004373491439233046
0.004332785587833676
0.004278853072543942
0.004211144694131974
0.004129133352849479
0.0033623916191443115
0.004035926415450586
0.004035926415450586
0.004043818498725038
0.004050734281393353
0.004043818498725482
0.004053684043948902
0.004068008143149449
0.004068008143149449
0.004053684043948902
0.004065296838750232
0.004087130675761497
0.004099049022632251
0.004087130675761497
0.004065296838750232
0.004078338770381773
0.004107799241993337
0.004131618433503181
0.004131618433503181
0.004107799241990673
0.004078338770382661
0.004092394141914202
0.0041296071082914665
0.004165280706619701
0.004177194872167611
0.0041652807066192565
0.004129607108287026
0.00409239414191509
0.004106940054728447
0.004152034265264781
0.004199473017550748
0.004223260297778086
0.004223260297777642
0.00419947301754986
0.004152034265274107
0.0041069400547288915
0.004121335982888663
0.00417443539247131
0.004233491951166624
0.004269059304512712
0.0042809373670538164
0.004269059304511824
0.004233491951165291
0.00417443539247131
0.004121335982888663
0.0041348134748591114
0.004196027497794574
0.004266478653817796
0.004313663698041648
0.00433732166588241
0.00433732166588241
0.004313663698039871
0.004266478653818684
0.00419602749779413
0.004134813474858667
0.004146467209998228
0.004215878618229141
0.004297405083887984
0.004355956271985484
0.004391214576418445
0.004402988648278594
0.004391214576418445
0.004355956271984596
0.004297405083891093
0.004215878618230029
0.004146467209995119
0.004155249102285374
0.004232899384728039
0.004325063621506864
0.004394618277294704
0.004441194258386627
0.004464544260973646
0.004464544260971426
0.004441194258386183
0.00439461827729426
0.004325063621502867
0.004232899384731148
0.00415524910228493
0.004159967621562011
0.0042458397761744315
0.00434806279842892
0.004428123842847409
0.004485608454033674
0.004520218834765721
0.004531775599436294
0.004520218834904277
0.004485608454031453
0.004428123842846521
0.004348062798429808
0.00424583977617532
0.004159967621561567
0.004159294989460882
0.004253293945818193
0.0043648325786946884
0.004454745325048304
0.004522579468144716
0.004567993171107787
0.0045907574377159754
0.004590757437715087
0.004567993171103346
0.0045225794681460485
0.00445474532504786
0.0043648325786946884
0.004253293945818637
0.004159294989463103
0.0041517852110466436
0.004253716468888946
0.004373643146644568
0.004472574125442996
0.004550026477957658
0.00460562175213175
0.004639088091169974
0.004650261764012953
0.0046390880911681975
0.004605621752131306
0.00455002647795677
0.004472574125442996
0.0043736431466423475
0.004253716468887614
0.0041517852110461995
0.004135905973997378
0.0042454534913694
0.004372641297891722
0.00447956174867592
0.004565710588694927
0.004630681072710363
0.004674166177774275
0.0046959602787595145
0.0046959602787595145
0.004674166177774719
0.004630681072708143
0.0045657105886940386
0.004479561748677252
0.004372641297891722
0.0042454534913680675
0.00413590597399871
0.004110086887076925
0.004226791878499281
0.004359908077054886
0.004473585258307544
0.004567307382322472
0.004640648472029607
0.004693274843863726
0.004724946875398928
0.004735520280072514
0.004724946875398928
0.004693274843863726
0.004640648472030939
0.004567307382322472
0.004473585258307544
0.004359908077054886
0.004226791878499281
0.004110086887076925
0.004040423700466089
0.004048213066833117
0.004041941400533933
0.004057920225505107
0.004058891206246251
0.004058891206246251
0.004069316823742675
0.004077610837302625
0.0040893938938340035
0.004077610837303958
0.004082082034052359
0.004097797051923369
0.004121341799995459
0.004121341799995015
0.004097797051922036
0.004095796967190424
0.004119043114855447
0.004154298410752322
0.004166072667177723
0.00415429841075321
0.004119043114862109
0.00410993519726599
0.004140829960692205
0.004187701210487393
0.00421120331517022
0.00421120331517022
0.0041877012104878375
0.004140829960691761
0.004123852531968009
0.004162514588720967
0.004220848754713291
0.0042559798267367555
0.004267711986666978
0.004255979826745193
0.004220848754708406
0.004162514588725408
0.004136776982742063
0.004183318224784571
0.0042528864385977805
0.004299478130984191
0.004322838000732077
0.004322838000732521
0.004299478130981527
0.004252886438598225
0.004183318224783683
0.004147800173285976
0.004202315634241671
0.004282793479216895
0.004340588616787322
0.004375390462485029
0.004387011909785521
0.00437539046248725
0.004340588616785546
0.004282793479216451
0.004202315634246112
0.004155871879881534
0.004218427354290455
0.004309373310518616
0.004378004513105438
0.004423960195722554
0.004446998645862177
0.004446998645862177
0.004423960195716781
0.004378004513106326
0.00430937331051906
0.004218427354286014
0.004159799900548045
0.0042304171405080915
0.004331250138036147
0.0044102172698679
0.004466913627725777
0.004501048289921705
0.004512446019131033
0.004501048289923482
0.00446691362772933
0.004410217269872341
0.004331250138036147
0.004230417140510756
0.0041582578584686836
0.004236897427475128
0.004346874963784941
0.0044355227628627425
0.004502398761303539
0.004547169187069766
0.00456961045543558
0.004569610455436024
0.004547169187063549
0.004502398761308868
0.004435522762860522
0.004346874963781833
0.00423689742747646
0.004149803908410021
0.004236346043488659
0.004354544919587422
0.004452042750897611
0.004528368217781242
0.004583151994877355
0.004616128793070828
0.004627138845047618
0.004616128793073049
0.0045831519948862365
0.00452836821777769
0.0044520427508989435
0.004354544919590531
0.004236346043489103
0.004132913284762729
0.004227137524578595
0.0043524398326613145
0.004457766123624918
0.0045426245253654685
0.00460661831317033
0.0046494480442547115
0.004670913181688441
0.004670913181685776
0.004649448044256044
0.004606618313171662
0.004542624525366801
0.004457766123622253
0.004352439832662647
0.004227137524574154
0.004106027096758336
0.004207591950855072
0.0043386794507007664
0.004450613879531051
0.0045428921332266725
0.004615098948693053
0.004666909059143354
0.004698088899294017
0.004708497833241676
0.004698088899297126
0.004666909059144686
0.0046150989486921645
0.004542892133231113
0.004450613879532828
0.00433867945069899
0.004207591950856848
0.0033623916191434233
0.004129133352849479
0.00421114469413153
0.004278853072543498
0.004332785587831456
0.004373491439225052
0.004401518854809439
0.004417400085495515
0.004421643190400726
0.004414729040068899
0.004397112053064589
0.004369223292964186
0.004331474835937765
0.004284264569872409
0.004227980802064657
0.00416300622014143
0.0040897196514042555
0.004040423700466089
0.004041941400534377
0.004048213066833117
0.0040588912062475835
0.004058891206245363
0.004057920225505107
0.004077610837303958
0.0040893938938340035
0.004077610837302625
0.0040693168237417865
0.004097797051923813
0.004121341799995015
0.004121341799995015
0.004097797051926477
0.004082082034052803
0.004119043114857224
0.004154298410754986
0.0041660726671768344
0.004154298410757207
0.00411904311485678
0.004095796967190868
0.004140829960692205
0.004187701210488726
0.004211203315173329
0.004211203315169776
0.004187701210487393
0.004140829960693981
0.00410993519726599
0.00416251458872452
0.004220848754707962
0.004255979826745193
0.004267711986666534
0.0042559798267367555
0.004220848754711515
0.004162514588721855
0.004123852531966676
0.004183318224782351
0.0042528864385977805
0.004299478130984635
0.004322838000732521
0.004322838000732521
0.004299478130979306
0.0042528864385977805
0.004183318224785015
0.004136776982742063
0.004202315634242559
0.0042827934792177835
0.004340588616788654
0.004375390462488582
0.004387011909785521
0.004375390462483697
0.004340588616787322
0.0042827934792177835
0.004202315634240339
0.004147800173285976
0.0042184273542833495
0.00430937331051684
0.004378004513107214
0.004423960195717225
0.004446998645863065
0.004446998645862177
0.00442396019572433
0.004378004513104994
0.004309373310518172
0.004218427354290455
0.004155871879881534
0.004230417140514309
0.004331250138037479
0.004410217269872785
0.004466913627726665
0.004501048289925702
0.0045124460191319216
0.0045010482899230375
0.004466913627725777
0.004410217269866568
0.004331250138036147
0.004230417140508536
0.004159799900548045
0.004236897427479569
0.004346874963782721
0.004435522762856969
0.004502398761308868
0.0045471691870715425
0.004569610455434248
0.004569610455434248
0.004547169187067546
0.004502398761304427
0.004435522762860522
0.004346874963784497
0.004236897427475128
0.0041582578584686836
0.004236346043489103
0.004354544919596748
0.004452042750897167
0.004528368217778134
0.004583151994883572
0.004616128793070384
0.004627138845046286
0.004616128793070384
0.004583151994880463
0.0045283682177821305
0.00445204275090072
0.0043545449195900865
0.004236346043488659
0.004149803908410021
0.004227137524578151
0.004352439832663535
0.004457766123621809
0.0045426245253654685
0.004606618313169886
0.0046494480442556
0.004670913181685776
0.004670913181688441
0.004649448044253379
0.004606618313169886
0.004542624525368133
0.004457766123625362
0.004352439832662203
0.004227137524578151
0.004132913284761841
0.004207591950856848
0.004338679450697214
0.004450613879532828
0.004542892133228893
0.004615098948692609
0.004666909059146462
0.004698088899297126
0.004708497833241676
0.004698088899294017
0.004666909059144686
0.004615098948693941
0.004542892133228893
0.004450613879531051
0.0043386794507007664
0.004207591950854628
0.004106027096758336
0.0040897196514042555
0.004163006220138765
0.004227980802063769
0.004284264569873297
0.0043314748359342126
0.00436922329296463
0.004397112053064145
0.004414729040068899
0.004421643190400726
0.004417400085494183
0.004401518854800557
0.004373491439233046
0.004332785587833676
0.004278853072543942
0.004211144694131974
0.004129133352849479
0.0033623916191434233
0.004049257784232374
0.004057122908814215
0.004059615210452616
0.004066947119730102
0.004076677707120169
0.004076590651283407
0.00407850104594587
0.004095530893647226
0.004107274277119988
0.004095297633730954
0.004091462407967761
0.0041158671927852275
0.004139417815441693
0.00413927091746924
0.004115427346413902
0.004105410353167471
0.004137274189218942
0.004172578243011316
0.004184250210244933
0.004172223060051827
0.0041365658560019725
0.004119815879575661
0.004159225657319077
0.004206184882324049
0.004229626301907263
0.004229417030644278
0.004205558250109931
0.004158185206913245
0.004134031498675306
0.004181069833701034
0.004239526322723286
0.004274634191360871
0.004286197368108091
0.0042741512592519015
0.0042385631496149045
0.004179631781319859
0.004147281096575917
0.00420201746239135
0.00427173607085507
0.0043183365859102985
0.004341563189734998
0.00434128833279912
0.004317513518368621
0.004270369301401455
0.0042001144717449534
0.004158651248082457
0.004221131077719598
0.004301779476671541
0.004359608459917119
0.00439430673151886
0.004405687422631033
0.004393689225212771
0.004358376765245975
0.004299940209217201
0.004218694109772603
0.004167085695599759
0.0042373172936280845
0.004328444222360339
0.004397125532346724
0.004442999632862321
0.004465824865118151
0.0044654809437392196
0.004441969677394297
0.004395414955061572
0.004326062010100884
0.004234275953238331
0.004171385197283328
0.004249324463727611
0.0043503371343001085
0.004429359956994006
0.004485987178105777
0.004519927826712955
0.004531007417686528
0.004519168975479992
0.004484473368456143
0.004427098949666419
0.004347340515145071
0.004245607575009913
0.004170215413068057
0.004255748566673212
0.004365890730967159
0.004454587131194732
0.004521394937429868
0.004565980315732965
0.004588120338691937
0.004587704263815606
0.004564734165425133
0.004519324929281421
0.004451703586908273
0.004362208016076785
0.004251285015560047
0.00416212577325048
0.004255050606362776
0.004373383382898055
0.004470908116676053
0.004547152899128548
0.004601748430526964
0.004634430072589346
0.004645039328126543
0.0046335247279221115
0.004599942120534717
0.004544454360522199
0.004467330392659452
0.004368943749584631
0.00424977048225994
0.004145582341899434
0.004245588905589237
0.004370977059667158
0.004476292253309921
0.004561042301016727
0.004624830689700765
0.004667358716105241
0.0046884271033138525
0.0046879370884131966
0.004665890962168184
0.004622392058578839
0.004557644185499754
0.004471950518076362
0.004365711954496199
0.004239424956997251
0.0041190170521216984
0.0042256692163897824
0.004356776080831626
0.004468643900601865
0.004560769633746187
0.004632738506270773
0.004684226167588346
0.004715000391953605
0.0047249223039518284
0.004713947111122163
0.004682124346874428
0.0046295976023920105
0.004556603769325207
0.004463471790454143
0.00435062093436045
0.004218558617882895
0.0033623916191443115
0.004094299151513603
0.004167489447681749
0.004232288733613476
0.004288318188176543
0.004335195489692634
0.004372533179934024
0.004399934861846866
0.004416990790255593
0.004423273315907306
0.004418332783372669
0.004401694727626637
0.004372859441068577
0.004331305218949311
0.004276496755646342
0.004207900169978629
0.0041250058755886165
0.004059615210452616
0.004076677707120169
0.004076590651283407
0.004095530893647226
0.004107274277119988
0.004095297633730954
0.0041158671927852275
0.004139417815441693
0.00413927091746924
0.004115427346413902
0.004137274189218942
0.004172578243011316
0.004184250210244933
0.004172223060051827
0.0041365658560019725
0.004159225657319077
0.004206184882324049
0.004229626301907263
0.004229417030644278
0.004205558250109931
0.004158185206913245
0.004181069833701034
0.004239526322723286
0.004274634191360871
0.004286197368108091
0.0042741512592519015
0.0042385631496149045
0.004179631781319859
0.00420201746239135
0.00427173607085507
0.0043183365859102985
0.004341563189734998
0.00434128833279912
0.004317513518368621
0.004270369301401455
0.0042001144717449534
0.004221131077719598
0.004301779476671541
0.004359608459917119
0.00439430673151886
0.004405687422631033
0.004393689225212771
0.004358376765245975
0.004299940209217201
0.004218694109772603
0.0042373172936280845
0.004328444222360339
0.004397125532346724
0.004442999632862321
0.004465824865118151
0.0044654809437392196
0.004441969677394297
0.004395414955061572
0.004326062010100884
0.004234275953238331
0.004249324463727611
0.0043503371343001085
0.004429359956994006
0.004485987178105777
0.004519927826712955
0.004531007417686528
0.004519168975479992
0.004484473368456143
0.004427098949666419
0.004347340515145071
0.004245607575009913
0.004255748566673212
0.004365890730967159
0.004454587131194732
0.004521394937429868
0.004565980315732965
0.004588120338691937
0.004587704263815606
0.004564734165425133
0.004519324929281421
0.004451703586908273
0.004362208016076785
0.004251285015560047
0.004255050606362776
0.004373383382898055
0.004470908116676053
0.004547152899128548
0.004601748430526964
0.004634430072589346
0.004645039328126543
0.0046335247279221115
0.004599942120534717
0.004544454360522199
0.004467330392659452
0.004368943749584631
0.00424977048225994
0.004245588905589237
0.004370977059667158
0.004476292253309921
0.004561042301016727
0.004624830689700765
0.004667358716105241
0.0046884271033138525
0.0046879370884131966
0.004665890962168184
0.004622392058578839
0.004557644185499754
0.004471950518076362
0.004365711954496199
0.004239424956997251
0.0042256692163897824
0.004356776080831626
0.004468643900601865
0.004560769633746187
0.004632738506270773
0.004684226167588346
0.004715000391953605
0.0047249223039518284
0.004713947111122163
0.004682124346874428
0.0046295976023920105
0.004556603769325207
0.004463471790454143
0.00435062093436045
0.004218558617882895
0.004094299151513603
0.004167489447681749
0.004232288733613476
0.004288318188176543
0.004335195489692634
0.004372533179934024
0.004399934861846866
0.004416990790255593
0.004423273315907306
0.004418332783372669
0.004401694727626637
0.004372859441068577
0.004331305218949311
0.004276496755646342
0.004207900169978629
0.0041250058755886165
0.004094216936418871
0.0041037057632782314
0.004167400788244624
0.004059615210451728
0.00417801802677209
0.004232216983626191
0.004076590651279854
0.004076677706953635
0.00424385211759315
0.004288284554866628
0.004095297633733619
0.004107274277119544
0.004095530893808874
0.004300820682666462
0.004335218099602578
0.004115427346413014
0.004139270917470572
0.004139417815447022
0.004115867192785672
0.004348533162234602
0.004372626118241296
0.0041365658560024166
0.004172223060048719
0.004184250210245377
0.00417257824301176
0.0041372741892242715
0.004386594137423483
0.0044001071954600235
0.004158185206912801
0.004205558250112151
0.004229417030642946
0.004229626301909484
0.004206184882164621
0.004159225657320409
0.004414599508075323
0.0044172455891540174
0.004179631781318527
0.0042385631496095755
0.004274151259248349
0.004286197368106315
0.0042746341913635355
0.004239526322721954
0.0041810698337014784
0.004432132052285986
0.00442360669827746
0.004200114471751615
0.004270369301398347
0.0043175135183668445
0.004341288332798676
0.0043415631897314455
0.004318336585908078
0.004271736070853738
0.004202017462392238
0.004438756851236292
0.004418733048919599
0.004218694109772159
0.004299940209216313
0.004358376765247307
0.004393689225210995
0.004405687422631033
0.0043943067315166395
0.004359608459917563
0.004301779476670653
0.004221131077721374
0.004434017192328721
0.0044021416324109275
0.004234275953236999
0.004326062010103993
0.004395414955062904
0.004441969677396962
0.004465480943737443
0.004465824865119483
0.004442999632862765
0.004397125532348056
0.004328444222359895
0.004237317293626752
0.004417431808639183
0.004373323718216859
0.0042456075750165745
0.004347340515147291
0.004427098949665531
0.004484473368459696
0.004519168975479104
0.00453100741768786
0.004519927826711623
0.004485987178106221
0.004429359956994006
0.004350337134300553
0.0042493244637222816
0.004388494556893718
0.004331748456837481
0.0042512850155538295
0.004362208016077673
0.004451703586908717
0.004519324929278756
0.0045647341654238005
0.004587704263814718
0.004588120338695489
0.004565980315733853
0.0045213949374329765
0.004454587131196508
0.004365890730968047
0.004255748566672324
0.004346677866227111
0.004276871769906432
0.00424977048225994
0.0043689437495793015
0.0044673303926567876
0.004544454360524419
0.004599942120536049
0.0046335247279269964
0.00464503932826954
0.004634430072578688
0.00460174843052874
0.00454715289912766
0.0044709081166764975
0.004373383382896723
0.004255050606363664
0.004291441444518096
0.004208152004907095
0.004239424956996807
0.004365711954497531
0.004471950518075474
0.004557644185496645
0.0046223920585752865
0.004665890962174402
0.0046879370884131966
0.004688427103315185
0.004667358716105685
0.004624830689699433
0.004561042301016283
0.004476292253162484
0.004370977059667158
0.004245588905587905
0.0042222477433147
0.004125073562527337
0.004218558617882895
0.00435062093436045
0.004463471790454587
0.004556603769326095
0.004629597602393787
0.004682124346882421
0.004713947111123051
0.004724922303951384
0.00471500039195627
0.004684226167589678
0.00463273850626722
0.004560769633746187
0.004468643900603642
0.004356776080830738
0.00422566921638845
0.0041385853972220055
0.0033623916191434233
0.004144052341360727
0.0042831388901207745
0.004403564617142308
0.004504795817318108
0.004586383258736948
0.0046479644801564746
0.004689265659006736
0.004710103031445367
0.004710383847440269
0.004690106860042675
0.004649362330978679
0.004588331555250402
0.004507285919300941
0.004406585491735893
0.004286677169094588
0.004148092387466384
0.004035926415450586
0.004043818498725038
0.004041941400534377
0.004053684043948902
0.0040588912062475835
0.004058891206245363
0.004065296838750232
0.004077610837303958
0.0040893938938340035
0.004077610837302625
0.004078338770381773
0.004097797051923813
0.004121341799995015
0.004121341799995015
0.004097797051926477
0.004092394141914202
0.004119043114857224
0.004154298410754986
0.0041660726671768344
0.004154298410757207
0.00411904311485678
0.004106940054728447
0.004140829960692205
0.004187701210488726
0.004211203315173329
0.004211203315169776
0.004187701210487393
0.004140829960693981
0.004121335982888663
0.00416251458872452
0.004220848754707962
0.004255979826745193
0.004267711986666534
0.0042559798267367555
0.004220848754711515
0.004162514588721855
0.0041348134748591114
0.004183318224782351
0.0042528864385977805
0.004299478130984635
0.004322838000732521
0.004322838000732521
0.004299478130979306
0.0042528864385977805
0.004183318224785015
0.004146467209998228
0.004202315634242559
0.0042827934792177835
0.004340588616788654
0.004375390462488582
0.004387011909785521
0.004375390462483697
0.004340588616787322
0.0042827934792177835
0.004202315634240339
0.004155249102285374
0.0042184273542833495
0.00430937331051684
0.004378004513107214
0.004423960195717225
0.004446998645863065
0.004446998645862177
0.00442396019572433
0.004378004513104994
0.004309373310518172
0.004218427354290455
0.004159967621562011
0.004230417140514309
0.004331250138037479
0.004410217269872785
0.004466913627726665
0.004501048289925702
0.0045124460191319216
0.0045010482899230375
0.004466913627725777
0.004410217269866568
0.004331250138036147
0.004230417140508536
0.004159294989460882
0.004236897427479569
0.004346874963782721
0.004435522762856969
0.004502398761308868
0.0045471691870715425
0.004569610455434248
0.004569610455434248
0.004547169187067546
0.004502398761304427
0.004435522762860522
0.004346874963784497
0.004236897427475128
0.0041517852110466436
0.004236346043489103
0.004354544919596748
0.004452042750897167
0.004528368217778134
0.004583151994883572
0.004616128793070384
0.004627138845046286
0.004616128793070384
0.004583151994880463
0.0045283682177821305
0.00445204275090072
0.0043545449195900865
0.004236346043488659
0.004135905973997378
0.004227137524578151
0.004352439832663535
0.004457766123621809
0.0045426245253654685
0.004606618313169886
0.0046494480442556
0.004670913181685776
0.004670913181688441
0.004649448044253379
0.004606618313169886
0.004542624525368133
0.004457766123625362
0.004352439832662203
0.004227137524578151
0.004110086887076925
0.004207591950856848
0.004338679450697214
0.004450613879532828
0.004542892133228893
0.004615098948692609
0.004666909059146462
0.004698088899297126
0.004708497833241676
0.004698088899294017
0.004666909059144686
0.004615098948693941
0.004542892133228893
0.004450613879531051
0.0043386794507007664
0.004207591950854628
0.004035926415450586
0.004050734281393353
0.004043818498725038
0.004068008143149449
0.004068008143149449
0.004053684043948902
0.004087130675761497
0.004099049022632251
0.004087130675761497
0.004065296838750232
0.004107799241993337
0.004131618433503181
0.004131618433503181
0.004107799241990673
0.004078338770383549
0.0041296071082914665
0.004165280706619701
0.004177194872167611
0.0041652807066192565
0.004129607108287026
0.004092394141914202
0.004152034265264781
0.004199473017550748
0.004223260297778086
0.004223260297777642
0.00419947301754986
0.004152034265274107
0.004106940054728003
0.00417443539247131
0.004233491951166624
0.004269059304512712
0.0042809373670538164
0.004269059304511824
0.004233491951165291
0.00417443539247131
0.004121335982889107
0.004196027497794574
0.004266478653817796
0.004313663698041648
0.00433732166588241
0.00433732166588241
0.004313663698039871
0.004266478653818684
0.00419602749779413
0.0041348134748591114
0.004215878618229141
0.004297405083887984
0.004355956271985484
0.004391214576418445
0.004402988648278594
0.004391214576418445
0.004355956271984596
0.004297405083891093
0.004215878618230029
0.004146467209998228
0.004232899384728039
0.004325063621506864
0.004394618277294704
0.004441194258386627
0.004464544260973646
0.004464544260971426
0.004441194258386183
0.00439461827729426
0.004325063621502867
0.004232899384731148
0.00415524910228493
0.0042458397761744315
0.00434806279842892
0.004428123842847409
0.004485608454033674
0.004520218834765721
0.004531775599436294
0.004520218834904277
0.004485608454031453
0.004428123842846521
0.004348062798429808
0.00424583977617532
0.0041599676215611225
0.004253293945818193
0.0043648325786946884
0.004454745325048304
0.004522579468144716
0.004567993171107787
0.0045907574377159754
0.004590757437715087
0.004567993171103346
0.0045225794681460485
0.00445474532504786
0.0043648325786946884
0.004253293945818637
0.0041592949894626585
0.004253716468888946
0.004373643146644568
0.004472574125442996
0.004550026477957658
0.00460562175213175
0.004639088091169974
0.004650261764012953
0.0046390880911681975
0.004605621752131306
0.00455002647795677
0.004472574125442996
0.0043736431466423475
0.004253716468887614
0.0041517852110461995
0.0042454534913694
0.004372641297891722
0.00447956174867592
0.004565710588694927
0.004630681072710363
0.004674166177774275
0.0046959602787595145
0.0046959602787595145
0.004674166177774719
0.004630681072708143
0.0045657105886940386
0.004479561748677252
0.004372641297891722
0.0042454534913680675
0.004135905973997378
0.004226791878499281
0.004359908077054886
0.004473585258307544
0.004567307382322472
0.004640648472029607
0.004693274843863726
0.004724946875398928
0.004735520280072514
0.004724946875398928
0.004693274843863726
0.004640648472030939
0.004567307382322472
0.004473585258307544
0.004359908077054886
0.004226791878499281
0.004110086887076925
0.004158153742324089
0.0042989131447299656
0.004420757115785712
0.004523140319389718
0.004605603916501444
0.004667777921680383
0.004709383136574985
0.004730232605896667
0.004730232605896667
0.004709383136574985
0.004667777921678606
0.00460560391650322
0.004523140319386165
0.004420757115785712
0.0042989131447299656
0.004158153742324089
0.0033623916191434233
0.004041941400534377
0.0040588912062475835
0.004058891206245363
0.004077610837303958
0.0040893938938340035
0.004077610837302625
0.004097797051923813
0.004121341799995015
0.004121341799995015
0.004097797051926477
0.004119043114857224
0.004154298410754986
0.0041660726671768344
0.004154298410757207
0.00411904311485678
0.004140829960692205
0.004187701210488726
0.004211203315173329
0.004211203315169776
0.004187701210487393
0.004140829960693981
0.00416251458872452
0.004220848754707962
0.004255979826745193
0.004267711986666534
0.0042559798267367555
0.004220848754711515
0.004162514588721855
0.004183318224782351
0.0042528864385977805
0.004299478130984635
0.004322838000732521
0.004322838000732521
0.004299478130979306
0.0042528864385977805
0.004183318224785015
0.004202315634242559
0.0042827934792177835
0.004340588616788654
0.004375390462488582
0.004387011909785521
0.004375390462483697
0.004340588616787322
0.0042827934792177835
0.004202315634240339
0.0042184273542833495
0.00430937331051684
0.004378004513107214
0.004423960195717225
0.004446998645863065
0.004446998645862177
0.00442396019572433
0.004378004513104994
0.004309373310518172
0.004218427354290455
0.004230417140514309
0.004331250138037479
0.004410217269872785
0.004466913627726665
0.004501048289925702
0.0045124460191319216
0.0045010482899230375
0.004466913627725777
0.004410217269866568
0.004331250138036147
0.004230417140508536
0.004236897427479569
0.004346874963782721
0.004435522762856969
0.004502398761308868
0.0045471691870715425
0.004569610455434248
0.004569610455434248
0.004547169187067546
0.004502398761304427
0.004435522762860522
0.004346874963784497
0.004236897427475128
0.004236346043489103
0.004354544919596748
0.004452042750897167
0.004528368217778134
0.004583151994883572
0.004616128793070384
0.004627138845046286
0.004616128793070384
0.004583151994880463
0.0045283682177821305
0.00445204275090072
0.0043545449195900865
0.004236346043488659
0.004227137524578151
0.004352439832663535
0.004457766123621809
0.0045426245253654685
0.004606618313169886
0.0046494480442556
0.004670913181685776
0.004670913181688441
0.004649448044253379
0.004606618313169886
0.004542624525368133
0.004457766123625362
0.004352439832662203
0.004227137524578151
0.004207591950856848
0.004338679450697214
0.004450613879532828
0.004542892133228893
0.004615098948692609
0.004666909059146462
0.004698088899297126
0.004708497833241676
0.004698088899294017
0.004666909059144686
0.004615098948693941
0.004542892133228893
0.004450613879531051
0.0043386794507007664
0.004207591950854628
0.0040897196514042555
0.004163006220138765
0.004227980802063769
0.004284264569873297
0.0043314748359342126
0.00436922329296463
0.004397112053064145
0.004414729040068899
0.004421643190400726
0.004417400085494183
0.004401518854800557
0.004373491439233046
0.004332785587833676
0.004278853072543942
0.004211144694131974
0.004129133352849479
0.0040897196514042555
0.004050734281392465
0.004163006220138765
0.004068008143144564
0.004068008143144564
0.004227980802063769
0.004087130675760164
0.004099049022628698
0.004087130675760164
0.004284264569873297
0.0041077992419937814
0.004131618433502293
0.004131618433501405
0.004107799241991561
0.004331474835936433
0.004129607108292355
0.0041652807066192565
0.004177194872168499
0.0041652807066192565
0.00412960710828969
0.00436922329296463
0.004152034265273663
0.004199473017557409
0.004223260297780307
0.004223260297782083
0.004199473017557409
0.004152034265273219
0.004397112053064145
0.004174435392472198
0.004233491951166624
0.004269059304515377
0.004280937367054705
0.004269059304514489
0.0042334919511661795
0.004174435392472198
0.004414729040068899
0.004196027497795907
0.004266478653816019
0.0043136636980407594
0.004337321665882854
0.004337321665882854
0.0043136636980407594
0.00426647865381824
0.0041960274977950185
0.004421643190400726
0.004215878618231805
0.004297405083888872
0.00435595627198504
0.004391214576418445
0.004402988648278594
0.004391214576418445
0.004355956271984152
0.004297405083891093
0.004215878618230917
0.004417400085494183
0.004232899384727151
0.004325063621507752
0.00439461827729648
0.004441194258385295
0.004464544260972758
0.004464544260970538
0.004441194258384851
0.004394618277296036
0.004325063621504199
0.004232899384721822
0.004401518854801001
0.004245839776176652
0.004348062798429808
0.004428123842845633
0.004485608454032786
0.004520218834764389
0.004531775599436294
0.004520218834904277
0.004485608454031009
0.0044281238428443
0.004348062798429364
0.004245839776175764
0.004373491439232158
0.004253293945818193
0.0043648325786938
0.004454745325051412
0.004522579468144272
0.0045679931711002375
0.0045907574377159754
0.0045907574377159754
0.004567993171104678
0.00452257946814516
0.004454745325053633
0.004364832578694244
0.004253293945819081
0.004332785587833676
0.004253716468888058
0.004373643146640571
0.004472574125448325
0.004550026477958546
0.00460562175213175
0.00463908809116953
0.004650261764012953
0.0046390880911681975
0.0046056217521295295
0.004550026477958102
0.0044725741254438844
0.0043736431466467884
0.004253716468886726
0.004278853072544386
0.0042454534913694
0.004372641297892166
0.004479561748676364
0.004565710588694927
0.004630681072710363
0.004674166177774719
0.0046959602787595145
0.0046959602787595145
0.004674166177775163
0.004630681072708143
0.0045657105886940386
0.0044795617486692585
0.004372641297892166
0.004245453491369844
0.004211144694131974
0.004226791878500613
0.004359908077055774
0.004473585258307544
0.004567307382322028
0.004640648472029163
0.004693274843863282
0.004724946875398928
0.004735520280072514
0.004724946875398928
0.004693274843863726
0.004640648472030495
0.004567307382322028
0.004473585258307544
0.004359908077055774
0.004226791878500613
0.004129133352849479
0.0041581537423223125
0.0042989131447299656
0.004420757115785712
0.004523140319389718
0.004605603916501444
0.004667777921680383
0.004709383136574985
0.004730232605896667
0.004730232605896667
0.004709383136574985
0.004667777921678606
0.00460560391650322
0.004523140319386165
0.004420757115785712
0.0042989131447299656
0.0041581537423223125
0.0040897196514042555
0.004050734281392465
0.004163006220138765
0.004068008143144564
0.004068008143144564
0.004227980802063769
0.004087130675760164
0.004099049022628698
0.004087130675760164
0.004284264569873297
0.0041077992419937814
0.004131618433502293
0.004131618433501405
0.004107799241991561
0.004331474835936433
0.004129607108292355
0.0041652807066192565
0.004177194872168499
0.0041652807066192565
0.00412960710828969
0.00436922329296463
0.004152034265273663
0.004199473017557409
0.004223260297780307
0.004223260297782083
0.004199473017557409
0.004152034265273219
0.004397112053064145
0.004174435392472198
0.004233491951166624
0.004269059304515377
0.004280937367054705
0.004269059304514489
0.0042334919511661795
0.004174435392472198
0.004414729040068899
0.004196027497795907
0.004266478653816019
0.0043136636980407594
0.004337321665882854
0.004337321665882854
0.0043136636980407594
0.00426647865381824
0.0041960274977950185
0.004421643190400726
0.004215878618231805
0.004297405083888872
0.00435595627198504
0.004391214576418445
0.004402988648278594
0.004391214576418445
0.004355956271984152
0.004297405083891093
0.004215878618230917
0.004417400085494183
0.004232899384727151
0.004325063621507752
0.00439461827729648
0.004441194258385295
0.004464544260972758
0.004464544260970538
0.004441194258384851
0.004394618277296036
0.004325063621504199
0.004232899384721822
0.004401518854801001
0.004245839776176652
0.004348062798429808
0.004428123842845633
0.004485608454032786
0.004520218834764389
0.004531775599436294
0.004520218834904277
0.004485608454031009
0.0044281238428443
0.004348062798429364
0.004245839776175764
0.004373491439232158
0.004253293945818193
0.0043648325786938
0.004454745325051412
0.004522579468144272
0.0045679931711002375
0.0045907574377159754
0.0045907574377159754
0.004567993171104678
0.00452257946814516
0.004454745325053633
0.004364832578694244
0.004253293945819081
0.004332785587833676
0.004253716468888058
0.004373643146640571
0.004472574125448325
0.004550026477958546
0.00460562175213175
0.00463908809116953
0.004650261764012953
0.0046390880911681975
0.0046056217521295295
0.004550026477958102
0.0044725741254438844
0.0043736431466467884
0.004253716468886726
0.004278853072544386
0.0042454534913694
0.004372641297892166
0.004479561748676364
0.004565710588694927
0.004630681072710363
0.004674166177774719
0.0046959602787595145
0.0046959602787595145
0.004674166177775163
0.004630681072708143
0.0045657105886940386
0.0044795617486692585
0.004372641297892166
0.004245453491369844
0.004211144694131974
0.004226791878500613
0.004359908077055774
0.004473585258307544
0.004567307382322028
0.004640648472029163
0.004693274843863282
0.004724946875398928
0.004735520280072514
0.004724946875398928
0.004693274843863726
0.004640648472030495
0.004567307382322028
0.004473585258307544
0.004359908077055774
0.004226791878500613
0.004129133352849479
0.004041941400533933
0.004058891206246251
0.004058891206246251
0.004077610837302625
0.0040893938938340035
0.004077610837303958
0.004097797051923369
0.004121341799995459
0.004121341799995015
0.004097797051922036
0.004119043114855447
0.004154298410752322
0.004166072667177723
0.00415429841075321
0.004119043114862109
0.004140829960692205
0.004187701210487393
0.00421120331517022
0.00421120331517022
0.0041877012104878375
0.004140829960691761
0.004162514588720967
0.004220848754713291
0.0042559798267367555
0.004267711986666978
0.004255979826745193
0.004220848754708406
0.004162514588725408
0.004183318224784571
0.0042528864385977805
0.004299478130984191
0.004322838000732077
0.004322838000732521
0.004299478130981527
0.004252886438598225
0.004183318224783683
0.004202315634241671
0.004282793479216895
0.004340588616787322
0.004375390462485029
0.004387011909785521
0.00437539046248725
0.004340588616785546
0.004282793479216451
0.004202315634246112
0.004218427354290455
0.004309373310518616
0.004378004513105438
0.004423960195722554
0.004446998645862177
0.004446998645862177
0.004423960195716781
0.004378004513106326
0.00430937331051906
0.004218427354286014
0.0042304171405080915
0.004331250138036147
0.0044102172698679
0.004466913627725777
0.004501048289921705
0.004512446019131033
0.004501048289923482
0.00446691362772933
0.004410217269872341
0.004331250138036147
0.004230417140510756
0.004236897427475128
0.004346874963784941
0.0044355227628627425
0.004502398761303539
0.004547169187069766
0.00456961045543558
0.004569610455436024
0.004547169187063549
0.004502398761308868
0.004435522762860522
0.004346874963781833
0.00423689742747646
0.004236346043488659
0.004354544919587422
0.004452042750897611
0.004528368217781242
0.004583151994877355
0.004616128793070828
0.004627138845047618
0.004616128793073049
0.0045831519948862365
0.00452836821777769
0.0044520427508989435
0.004354544919590531
0.004236346043489103
0.004227137524578595
0.0043524398326613145
0.004457766123624918
0.0045426245253654685
0.00460661831317033
0.0046494480442547115
0.004670913181688441
0.004670913181685776
0.004649448044256044
0.004606618313171662
0.004542624525366801
0.004457766123622253
0.004352439832662647
0.004227137524574154
0.004207591950855072
0.0043386794507007664
0.004450613879531051
0.004542892133228449
0.0046150989486921645
0.004666909059143798
0.004698088899294017
0.004708497833241676
0.004698088899297126
0.0046669090591469065
0.004615098948692609
0.004542892133228893
0.004450613879532828
0.004338679450698546
0.004207591950856848
0.0040507342813942415
0.004068008143144564
0.004068008143145452
0.004087130675760164
0.004099049022628698
0.0040871306757606085
0.0041077992419937814
0.004131618433502293
0.004131618433501405
0.004107799241990673
0.004129607108292355
0.0041652807066192565
0.004177194872168499
0.0041652807066192565
0.004129607108290134
0.004152034265273663
0.004199473017557409
0.004223260297780307
0.004223260297782083
0.004199473017557409
0.004152034265274107
0.004174435392472198
0.004233491951166624
0.004269059304515377
0.004280937367054705
0.004269059304514489
0.0042334919511661795
0.004174435392472198
0.004196027497795907
0.004266478653816019
0.0043136636980407594
0.004337321665882854
0.004337321665882854
0.0043136636980407594
0.00426647865381824
0.0041960274977950185
0.004215878618231805
0.004297405083888872
0.00435595627198504
0.004391214576418445
0.004402988648278594
0.004391214576418445
0.004355956271984152
0.004297405083891093
0.004215878618230917
0.004232899384727151
0.004325063621507752
0.00439461827729648
0.004441194258385295
0.004464544260972758
0.004464544260970538
0.004441194258384851
0.004394618277296036
0.004325063621504199
0.004232899384722266
0.004245839776176652
0.004348062798429808
0.004428123842845633
0.004485608454032786
0.004520218834764389
0.004531775599436294
0.004520218834904277
0.004485608454031009
0.0044281238428443
0.004348062798429364
0.0042458397761744315
0.004253293945818193
0.0043648325786938
0.004454745325051412
0.004522579468144272
0.0045679931711002375
0.0045907574377159754
0.0045907574377159754
0.004567993171104678
0.00452257946814516
0.004454745325053633
0.004364832578694244
0.004253293945819081
0.004253716468888058
0.004373643146640571
0.004472574125448325
0.004550026477958546
0.00460562175213175
0.00463908809116953
0.004650261764012953
0.0046390880911681975
0.0046056217521295295
0.004550026477958102
0.0044725741254438844
0.0043736431466467884
0.0042537164688853935
0.0042454534913694
0.004372641297892166
0.004479561748676364
0.004565710588694927
0.004630681072710363
0.004674166177774719
0.0046959602787595145
0.0046959602787595145
0.004674166177775163
0.004630681072708143
0.0045657105886940386
0.0044795617486692585
0.004372641297892166
0.004245453491369844
0.004226791878500613
0.004359908077055774
0.004473585258307544
0.004567307382322028
0.004640648472029163
0.004693274843863282
0.004724946875398928
0.004735520280072514
0.004724946875398928
0.004693274843863726
0.004640648472030495
0.004567307382322028
0.004473585258307544
0.004359908077055774
0.004226791878500169
0.004035926415450586
0.004041941400533933
0.004043818498725482
0.004058891206246251
0.004058891206246251
0.004053684043948902
0.004077610837302625
0.0040893938938340035
0.004077610837303958
0.004065296838750232
0.004097797051923369
0.004121341799995459
0.004121341799995015
0.004097797051922036
0.004078338770382661
0.004119043114855447
0.004154298410752322
0.004166072667177723
0.00415429841075321
0.004119043114862109
0.00409239414191509
0.004140829960692205
0.004187701210487393
0.00421120331517022
0.00421120331517022
0.0041877012104878375
0.004140829960691761
0.0041069400547288915
0.004162514588720967
0.004220848754713291
0.0042559798267367555
0.004267711986666978
0.004255979826745193
0.004220848754708406
0.004162514588725408
0.004121335982888663
0.004183318224784571
0.0042528864385977805
0.004299478130984191
0.004322838000732077
0.004322838000732521
0.004299478130981527
0.004252886438598225
0.004183318224783683
0.004134813474858667
0.004202315634241671
0.004282793479216895
0.004340588616787322
0.004375390462485029
0.004387011909785521
0.00437539046248725
0.004340588616785546
0.004282793479216451
0.004202315634246112
0.004146467209995119
0.004218427354290455
0.004309373310518616
0.004378004513105438
0.004423960195722554
0.004446998645862177
0.004446998645862177
0.004423960195716781
0.004378004513106326
0.00430937331051906
0.004218427354286014
0.00415524910228493
0.0042304171405080915
0.004331250138036147
0.0044102172698679
0.004466913627725777
0.004501048289921705
0.004512446019131033
0.004501048289923482
0.00446691362772933
0.004410217269872341
0.004331250138036147
0.004230417140510756
0.004159967621561567
0.004236897427475128
0.004346874963784941
0.0044355227628627425
0.004502398761303539
0.004547169187069766
0.00456961045543558
0.004569610455436024
0.004547169187063549
0.004502398761308868
0.004435522762860522
0.004346874963781833
0.00423689742747646
0.004159294989463103
0.004236346043488659
0.004354544919587422
0.004452042750897611
0.004528368217781242
0.004583151994877355
0.004616128793070828
0.004627138845047618
0.004616128793073049
0.0045831519948862365
0.00452836821777769
0.0044520427508989435
0.004354544919590531
0.004236346043489103
0.0041517852110461995
0.004227137524578595
0.0043524398326613145
0.004457766123624918
0.0045426245253654685
0.00460661831317033
0.0046494480442547115
0.004670913181688441
0.004670913181685776
0.004649448044256044
0.004606618313171662
0.004542624525366801
0.004457766123622253
0.004352439832662647
0.004227137524574154
0.00413590597399871
0.004207591950855072
0.0043386794507007664
0.004450613879531051
0.004542892133228449
0.0046150989486921645
0.004666909059143798
0.004698088899294017
0.004708497833241676
0.004698088899297126
0.0046669090591469065
0.004615098948692609
0.004542892133228893
0.004450613879532828
0.004338679450698546
0.004207591950856848
0.004110086887076925
0.004035926415450586
0.004043818498725038
0.004050734281393353
0.004053684043948902
0.004068008143149449
0.004068008143149449
0.004065296838750232
0.004087130675761497
0.004099049022632251
0.004087130675761497
0.004078338770381773
0.004107799241993337
0.004131618433503181
0.004131618433503181
0.004107799241990673
0.004092394141914202
0.0041296071082914665
0.004165280706619701
0.004177194872167611
0.0041652807066192565
0.004129607108287026
0.004106940054728447
0.004152034265264781
0.004199473017550748
0.004223260297778086
0.004223260297777642
0.00419947301754986
0.004152034265274107
0.004121335982888663
0.00417443539247131
0.004233491951166624
0.004269059304512712
0.0042809373670538164
0.004269059304511824
0.004233491951165291
0.00417443539247131
0.0041348134748591114
0.004196027497794574
0.004266478653817796
0.004313663698041648
0.00433732166588241
0.00433732166588241
0.004313663698039871
0.004266478653818684
0.00419602749779413
0.004146467209998228
0.004215878618229141
0.004297405083887984
0.004355956271985484
0.004391214576418445
0.004402988648278594
0.004391214576418445
0.004355956271984596
0.004297405083891093
0.004215878618230029
0.004155249102285374
0.004232899384728039
0.004325063621506864
0.004394618277294704
0.004441194258386627
0.004464544260973646
0.004464544260971426
0.004441194258386183
0.00439461827729426
0.004325063621502867
0.004232899384731148
0.004159967621562011
0.0042458397761744315
0.00434806279842892
0.004428123842847409
0.004485608454033674
0.004520218834765721
0.004531775599436294
0.004520218834904277
0.004485608454031453
0.004428123842846521
0.004348062798429808
0.00424583977617532
0.004159294989460882
0.004253293945818193
0.0043648325786946884
0.004454745325048304
0.004522579468144716
0.004567993171107787
0.0045907574377159754
0.004590757437715087
0.004567993171103346
0.0045225794681460485
0.00445474532504786
0.0043648325786946884
0.004253293945818637
0.0041517852110466436
0.004253716468888946
0.004373643146644568
0.004472574125442996
0.004550026477957658
0.00460562175213175
0.004639088091169974
0.004650261764012953
0.0046390880911681975
0.004605621752131306
0.00455002647795677
0.004472574125442996
0.0043736431466423475
0.004253716468887614
0.004135905973997378
0.0042454534913694
0.004372641297891722
0.00447956174867592
0.004565710588694927
0.004630681072710363
0.004674166177774275
0.0046959602787595145
0.0046959602787595145
0.004674166177774719
0.004630681072708143
0.0045657105886940386
0.004479561748677252
0.004372641297891722
0.0042454534913680675
0.004110086887076925
0.004226791878499281
0.004359908077054886
0.004473585258307544
0.004567307382322472
0.004640648472029607
0.004693274843863726
0.004724946875398928
0.004735520280072514
0.004724946875398928
0.004693274843863726
0.004640648472030939
0.004567307382322472
0.004473585258307544
0.004359908077054886
0.004226791878499281
0.004041941400534377
0.0040588912062475835
0.004058891206245363
0.004077610837303958
0.0040893938938340035
0.004077610837302625
0.004097797051923813
0.004121341799995015
0.004121341799995015
0.004097797051926477
0.004119043114857224
0.004154298410754986
0.0041660726671768344
0.004154298410757207
0.00411904311485678
0.004140829960692205
0.004187701210488726
0.004211203315173329
0.004211203315169776
0.004187701210487393
0.004140829960693981
0.00416251458872452
0.004220848754707962
0.004255979826745193
0.004267711986666534
0.0042559798267367555
0.004220848754711515
0.004162514588721855
0.004183318224782351
0.0042528864385977805
0.004299478130984635
0.004322838000732521
0.004322838000732521
0.004299478130979306
0.0042528864385977805
0.004183318224785015
0.004202315634242559
0.0042827934792177835
0.004340588616788654
0.004375390462488582
0.004387011909785521
0.004375390462483697
0.004340588616787322
0.0042827934792177835
0.004202315634240339
0.0042184273542833495
0.00430937331051684
0.004378004513107214
0.004423960195717225
0.004446998645863065
0.004446998645862177
0.00442396019572433
0.004378004513104994
0.004309373310518172
0.004218427354290455
0.004230417140514309
0.004331250138037479
0.004410217269872785
0.004466913627726665
0.004501048289925702
0.0045124460191319216
0.0045010482899230375
0.004466913627725777
0.004410217269866568
0.004331250138036147
0.004230417140508536
0.004236897427479569
0.004346874963782721
0.004435522762856969
0.004502398761308868
0.0045471691870715425
0.004569610455434248
0.004569610455434248
0.004547169187067546
0.004502398761304427
0.004435522762860522
0.004346874963784497
0.004236897427475128
0.004236346043489103
0.004354544919596748
0.004452042750897167
0.004528368217778134
0.004583151994883572
0.004616128793070384
0.004627138845046286
0.004616128793070384
0.004583151994880463
0.0045283682177821305
0.00445204275090072
0.0043545449195900865
0.004236346043488659
0.004227137524578151
0.004352439832663535
0.004457766123621809
0.0045426245253654685
0.004606618313169886
0.0046494480442556
0.004670913181685776
0.004670913181688441
0.004649448044253379
0.004606618313169886
0.004542624525368133
0.004457766123625362
0.004352439832662203
0.004227137524578151
0.004207591950856848
0.004338679450697658
0.004450613879532828
0.004542892133231113
0.0046150989486921645
0.004666909059144242
0.004698088899297126
0.004708497833241676
0.004698088899294017
0.004666909059144242
0.004615098948694829
0.004542892133227117
0.004450613879531051
0.0043386794507007664
0.004207591950854628
