0.004559417269149435
0.006866098321435921
0.006866098321435921
0.0069102241020928545
0.006915631905227926
0.0069102241020928545
0.0069695813055368205
0.007001756437904572
0.007001756437905904
0.0069695813055368205
0.007043573870266329
0.0071033540108809134
0.007151320297494657
0.0071033540108809134
0.007043573870266329
0.007131208743247797
0.007219697846421624
0.007316786388958274
0.007316786388958274
0.007219697846418072
0.007131208743247797
0.007230954792084354
0.00734950097487852
0.007497009507911212
0.007546398176225821
0.0074970095079121
0.00734950097487852
0.007230954792084354
0.007340555331792231
0.007490709938598794
0.007689940399802975
0.007790212768358451
0.007790212768357119
0.007689940399802975
0.007490709938597906
0.007340555331786902
0.007456792508031995
0.007640240374914953
0.007892298434217793
0.008044842042024047
0.008095909033065674
0.008044842042024491
0.007892298434216904
0.007640240374914509
0.007456792508031995
0.007575209872812572
0.007793657593029302
0.008099172909525443
0.008305010451126194
0.008408581329026887
0.008408581329027331
0.008305010451126194
0.00809917290952411
0.007793657593029302
0.007575209872812572
0.007689815388186361
0.00794482169953259
0.008303575461638513
0.008563015101544114
0.00871996318596624
0.00877249422530113
0.00871996318596624
0.008563015101542781
0.008303575461635848
0.007944821699531257
0.007689815388186361
0.007792813951373212
0.008085545881667322
0.008496003007832709
0.008808190459503873
0.00901840260402098
0.009124138537977444
0.009124138537977444
0.00901840260402098
0.00880819045950565
0.00849600300783182
0.008085545881667322
0.007792813951373212
0.00787445730144487
0.008205360509289328
0.008664127355030526
0.009026515228824916
0.009288377548135607
0.00944670927050506
0.009499689788316612
0.009446709270503284
0.009288377548136051
0.009026515228823584
0.008664127355029194
0.008205360509289328
0.00787445730144487
0.007923144217671485
0.008291530550961657
0.008792799061602352
0.009200586888346685
0.00951042362455734
0.009718900577412981
0.00982371810133209
0.009823718101334311
0.009718900577412537
0.009510423624556896
0.009200586888347129
0.008792799061601464
0.008291530550960324
0.007923144217671485
0.007925936454982185
0.008329520755628206
0.008864615119135166
0.009310267300351338
0.009661829428696755
0.009915619507780526
0.01006897075786961
0.010120268131492693
0.01006897075786961
0.009915619507780082
0.009661829428696311
0.009310267300350894
0.008864615119136943
0.008329520755628206
0.007925936454982185
0.007869639490614588
0.008304101979609513
0.008861299827940261
0.009334306015512883
0.00971846454174452
0.010009975778640268
0.010205945122415017
0.010304421007491626
0.010304421007493403
0.010205945122414573
0.010009975778634939
0.009718464541743632
0.009334306015512439
0.00886129982794115
0.008304101979608625
0.007869639490614588
0.007742485977505709
0.008201186871264365
0.008766011484967251
0.009253083819488417
0.009657918979706803
0.009976769484404624
0.010206670580220845
0.010345477122925217
0.01039189084930392
0.010345477122925217
0.010206670580220845
0.009976769484403736
0.009657918979707691
0.009253083819488417
0.008766011484966807
0.008201186871264365
0.007742485977505709
0.007536231989953457
0.008010235787512254
0.008566363948104616
0.00905222408817341
0.009463672405526147
0.009797179862126804
0.010049871941888444
0.010219562047438124
0.010304777530313114
0.010304777530313114
0.010219562047438124
0.010049871941893329
0.009797179862127692
0.009463672405597201
0.009052224088173855
0.008566363948104616
0.008010235787511366
0.007536231989953457
0.007248186867367501
0.007726727816464329
0.008257501109594667
0.008726265656112897
0.009129357809923189
0.009463608870170503
0.0097263778558343
0.009915579708931865
0.01002970815382831
0.010067852538666155
0.010029708153828754
0.009915579708930089
0.009726377855833412
0.009463608870170503
0.009129357809924077
0.008726265656112453
0.008257501109593335
0.007726727816464329
0.007248186867367501
0.004559417269149435
0.007328738215796271
0.007859326001794287
0.008332743546839438
0.00874542945257506
0.00909426133622393
0.009376586336533599
0.009590247894330162
0.009733608132173721
0.009805565214364265
0.00980556521436693
0.009733608132173721
0.009590247894328385
0.009376586336531822
0.009094261336220377
0.008745429452576836
0.008332743546836774
0.007859326001795175
0.0073287382157936065
0.004559417269149435
0.006866098321435921
0.006915631905227926
0.0069102241020928545
0.007001756437904572
0.007001756437905904
0.0069695813055368205
0.0071033540108809134
0.007151320297494657
0.0071033540108809134
0.007043573870266329
0.007219697846421624
0.007316786388958274
0.007316786388958274
0.007219697846418072
0.007131208743247797
0.00734950097487852
0.007497009507911212
0.007546398176225821
0.0074970095079121
0.00734950097487852
0.007230954792084354
0.007490709938598794
0.007689940399802975
0.007790212768358451
0.007790212768357119
0.007689940399802975
0.007490709938597906
0.007340555331786902
0.007640240374914953
0.007892298434217793
0.008044842042024047
0.008095909033065674
0.008044842042024491
0.007892298434216904
0.007640240374914509
0.007456792508031995
0.007793657593029302
0.008099172909525443
0.008305010451126194
0.008408581329026887
0.008408581329027331
0.008305010451126194
0.00809917290952411
0.007793657593029302
0.007575209872812572
0.00794482169953259
0.008303575461638513
0.008563015101544114
0.00871996318596624
0.00877249422530113
0.00871996318596624
0.008563015101542781
0.008303575461635848
0.007944821699531257
0.007689815388186361
0.008085545881667322
0.008496003007832709
0.008808190459503873
0.00901840260402098
0.009124138537977444
0.009124138537977444
0.00901840260402098
0.00880819045950565
0.00849600300783182
0.008085545881667322
0.007792813951373212
0.008205360509289328
0.008664127355030526
0.009026515228824916
0.009288377548135607
0.00944670927050506
0.009499689788316612
0.009446709270503284
0.009288377548136051
0.009026515228823584
0.008664127355029194
0.008205360509289328
0.00787445730144487
0.008291530550961657
0.008792799061602352
0.009200586888346685
0.00951042362455734
0.009718900577412981
0.00982371810133209
0.009823718101334311
0.009718900577412537
0.009510423624556896
0.009200586888347129
0.008792799061601464
0.008291530550960324
0.007923144217671485
0.008329520755628206
0.008864615119135166
0.009310267300351338
0.009661829428696755
0.009915619507780526
0.01006897075786961
0.010120268131492693
0.01006897075786961
0.009915619507780082
0.009661829428696311
0.009310267300350894
0.008864615119136943
0.008329520755628206
0.007925936454982185
0.008304101979609513
0.008861299827940261
0.009334306015512883
0.00971846454174452
0.010009975778640268
0.010205945122415017
0.010304421007491626
0.010304421007493403
0.010205945122414573
0.010009975778634939
0.009718464541743632
0.009334306015512439
0.00886129982794115
0.008304101979608625
0.007869639490614588
0.008201186871264365
0.008766011484967251
0.009253083819488417
0.009657918979706803
0.009976769484404624
0.010206670580220845
0.010345477122925217
0.01039189084930392
0.010345477122925217
0.010206670580220845
0.009976769484403736
0.009657918979707691
0.009253083819488417
0.008766011484966807
0.008201186871264365
0.007742485977505709
0.008010235787512254
0.008566363948104616
0.00905222408817341
0.009463672405526147
0.009797179862126804
0.010049871941888444
0.010219562047438124
0.010304777530313114
0.010304777530313114
0.010219562047438124
0.010049871941893329
0.009797179862127692
0.009463672405597201
0.009052224088173855
0.008566363948104616
0.008010235787511366
0.007536231989953457
0.007726727816464329
0.008257501109594667
0.008726265656112897
0.009129357809923189
0.009463608870170503
0.0097263778558343
0.009915579708931865
0.01002970815382831
0.010067852538666155
0.010029708153828754
0.009915579708930089
0.009726377855833412
0.009463608870170503
0.009129357809924077
0.008726265656112453
0.008257501109593335
0.007726727816464329
0.007248186867367501
0.007328738215796271
0.007859326001794287
0.008332743546839438
0.00874542945257506
0.00909426133622393
0.009376586336533599
0.009590247894330162
0.009733608132173721
0.009805565214364265
0.00980556521436693
0.009733608132173721
0.009590247894328385
0.009376586336531822
0.009094261336220377
0.008745429452576836
0.008332743546836774
0.007859326001795175
0.0073287382157936065
0.004559417269149435
0.006866098321435921
0.0069102241020928545
0.006915631905227926
0.0069695813055368205
0.007001756437904572
0.007001756437905904
0.007043573870266329
0.0071033540108809134
0.007151320297494657
0.0071033540108809134
0.007131208743247797
0.007219697846421624
0.007316786388958274
0.007316786388958274
0.007219697846418072
0.007230954792084354
0.00734950097487852
0.007497009507911212
0.007546398176225821
0.0074970095079121
0.00734950097487852
0.007340555331792231
0.007490709938598794
0.007689940399802975
0.007790212768358451
0.007790212768357119
0.007689940399802975
0.007490709938597906
0.007456792508031995
0.007640240374914953
0.007892298434217793
0.008044842042024047
0.008095909033065674
0.008044842042024491
0.007892298434216904
0.007640240374914509
0.007575209872812572
0.007793657593029302
0.008099172909525443
0.008305010451126194
0.008408581329026887
0.008408581329027331
0.008305010451126194
0.00809917290952411
0.007793657593029302
0.007689815388186361
0.00794482169953259
0.008303575461638513
0.008563015101544114
0.00871996318596624
0.00877249422530113
0.00871996318596624
0.008563015101542781
0.008303575461635848
0.007944821699531257
0.007792813951373212
0.008085545881667322
0.008496003007832709
0.008808190459503873
0.00901840260402098
0.009124138537977444
0.009124138537977444
0.00901840260402098
0.00880819045950565
0.00849600300783182
0.008085545881667322
0.00787445730144487
0.008205360509289328
0.008664127355030526
0.009026515228824916
0.009288377548135607
0.00944670927050506
0.009499689788316612
0.009446709270503284
0.009288377548136051
0.009026515228823584
0.008664127355029194
0.008205360509289328
0.007923144217671485
0.008291530550961657
0.008792799061602352
0.009200586888346685
0.00951042362455734
0.009718900577412981
0.00982371810133209
0.009823718101334311
0.009718900577412537
0.009510423624556896
0.009200586888347129
0.008792799061601464
0.008291530550960324
0.007925936454982185
0.008329520755628206
0.008864615119135166
0.009310267300351338
0.009661829428696755
0.009915619507780526
0.01006897075786961
0.010120268131492693
0.01006897075786961
0.009915619507780082
0.009661829428696311
0.009310267300350894
0.008864615119136943
0.008329520755628206
0.007869639490614588
0.008304101979609513
0.008861299827940261
0.009334306015512883
0.00971846454174452
0.010009975778640268
0.010205945122415017
0.010304421007491626
0.010304421007493403
0.010205945122414573
0.010009975778634939
0.009718464541743632
0.009334306015512439
0.00886129982794115
0.008304101979608625
0.007742485977505709
0.008201186871264365
0.008766011484967251
0.009253083819488417
0.009657918979706803
0.009976769484404624
0.010206670580220845
0.010345477122925217
0.01039189084930392
0.010345477122925217
0.010206670580220845
0.009976769484403736
0.009657918979707691
0.009253083819488417
0.008766011484966807
0.008201186871264365
0.007536231989953457
0.008010235787512254
0.008566363948104616
0.00905222408817341
0.009463672405526147
0.009797179862126804
0.010049871941888444
0.010219562047438124
0.010304777530313114
0.010304777530313114
0.010219562047438124
0.010049871941893329
0.009797179862127692
0.009463672405597201
0.009052224088173855
0.008566363948104616
0.008010235787511366
0.007248186867367501
0.007726727816464329
0.008257501109594667
0.008726265656112897
0.009129357809923189
0.009463608870170503
0.0097263778558343
0.009915579708931865
0.01002970815382831
0.010067852538666155
0.010029708153828754
0.009915579708930089
0.009726377855833412
0.009463608870170503
0.009129357809924077
0.008726265656112453
0.008257501109593335
0.007726727816464329
0.004559417269149435
0.007328738215796271
0.007859326001794287
0.008332743546839438
0.00874542945257506
0.00909426133622393
0.009376586336533599
0.009590247894330162
0.009733608132173721
0.009805565214364265
0.00980556521436693
0.009733608132173721
0.009590247894328385
0.009376586336531822
0.009094261336220377
0.008745429452576836
0.008332743546836774
0.007859326001795175
0.0073287382157936065
0.006915631905227926
0.007001756437904572
0.007001756437905904
0.0071033540108809134
0.007151320297494657
0.0071033540108809134
0.007219697846421624
0.007316786388958274
0.007316786388958274
0.007219697846418072
0.00734950097487852
0.007497009507911212
0.007546398176225821
0.0074970095079121
0.00734950097487852
0.007490709938598794
0.007689940399802975
0.007790212768358451
0.007790212768357119
0.007689940399802975
0.007490709938597906
0.007640240374914953
0.007892298434217793
0.008044842042024047
0.008095909033065674
0.008044842042024491
0.007892298434216904
0.007640240374914509
0.007793657593029302
0.008099172909525443
0.008305010451126194
0.008408581329026887
0.008408581329027331
0.008305010451126194
0.00809917290952411
0.007793657593029302
0.00794482169953259
0.008303575461638513
0.008563015101544114
0.00871996318596624
0.00877249422530113
0.00871996318596624
0.008563015101542781
0.008303575461635848
0.007944821699531257
0.008085545881667322
0.008496003007832709
0.008808190459503873
0.00901840260402098
0.009124138537977444
0.009124138537977444
0.00901840260402098
0.00880819045950565
0.00849600300783182
0.008085545881667322
0.008205360509289328
0.008664127355030526
0.009026515228824916
0.009288377548135607
0.00944670927050506
0.009499689788316612
0.009446709270503284
0.009288377548136051
0.009026515228823584
0.008664127355029194
0.008205360509289328
0.008291530550961657
0.008792799061602352
0.009200586888346685
0.00951042362455734
0.009718900577412981
0.00982371810133209
0.009823718101334311
0.009718900577412537
0.009510423624556896
0.009200586888347129
0.008792799061601464
0.008291530550960324
0.008329520755628206
0.008864615119135166
0.009310267300351338
0.009661829428696755
0.009915619507780526
0.01006897075786961
0.010120268131492693
0.01006897075786961
0.009915619507780082
0.009661829428696311
0.009310267300350894
0.008864615119136943
0.008329520755628206
0.008304101979609513
0.008861299827940261
0.009334306015512883
0.00971846454174452
0.010009975778640268
0.010205945122415017
0.010304421007491626
0.010304421007493403
0.010205945122414573
0.010009975778634939
0.009718464541743632
0.009334306015512439
0.00886129982794115
0.008304101979608625
0.008201186871264365
0.008766011484967251
0.009253083819488417
0.009657918979706803
0.009976769484404624
0.010206670580220845
0.010345477122925217
0.01039189084930392
0.010345477122925217
0.010206670580220845
0.009976769484403736
0.009657918979707691
0.009253083819488417
0.008766011484966807
0.008201186871264365
0.008010235787512254
0.008566363948104616
0.00905222408817341
0.009463672405526147
0.009797179862126804
0.010049871941888444
0.010219562047438124
0.010304777530313114
0.010304777530313114
0.010219562047438124
0.010049871941893329
0.009797179862127692
0.009463672405597201
0.009052224088173855
0.008566363948104616
0.008010235787511366
0.007726727816464329
0.008257501109594667
0.008726265656112897
0.009129357809923189
0.009463608870170503
0.0097263778558343
0.009915579708931865
0.01002970815382831
0.010067852538666155
0.010029708153828754
0.009915579708930089
0.009726377855833412
0.009463608870170503
0.009129357809924077
0.008726265656112453
0.008257501109593335
0.007726727816464329
0.007328738215796271
0.007859326001794287
0.008332743546839438
0.00874542945257506
0.00909426133622393
0.009376586336533599
0.009590247894330162
0.009733608132173721
0.009805565214364265
0.00980556521436693
0.009733608132173721
0.009590247894328385
0.009376586336531822
0.009094261336220377
0.008745429452576836
0.008332743546836774
0.007859326001795175
0.0073287382157936065
0.004559417269149435
0.006866098321435921
0.006866098321435921
0.0069102241020928545
0.006915631905227926
0.0069102241020928545
0.0069695813055368205
0.007001756437904572
0.007001756437905904
0.0069695813055368205
0.007043573870266329
0.0071033540108809134
0.007151320297494657
0.0071033540108809134
0.007043573870266329
0.007131208743247797
0.007219697846421624
0.007316786388958274
0.007316786388958274
0.007219697846418072
0.007131208743247797
0.007230954792084354
0.00734950097487852
0.007497009507911212
0.007546398176225821
0.0074970095079121
0.00734950097487852
0.007230954792084354
0.007340555331792231
0.007490709938598794
0.007689940399802975
0.007790212768358451
0.007790212768357119
0.007689940399802975
0.007490709938597906
0.007340555331786902
0.007456792508031995
0.007640240374914953
0.007892298434217793
0.008044842042024047
0.008095909033065674
0.008044842042024491
0.007892298434216904
0.007640240374914509
0.007456792508031995
0.007575209872812572
0.007793657593029302
0.008099172909525443
0.008305010451126194
0.008408581329026887
0.008408581329027331
0.008305010451126194
0.00809917290952411
0.007793657593029302
0.007575209872812572
0.007689815388186361
0.00794482169953259
0.008303575461638513
0.008563015101544114
0.00871996318596624
0.00877249422530113
0.00871996318596624
0.008563015101542781
0.008303575461635848
0.007944821699531257
0.007689815388186361
0.007792813951373212
0.008085545881667322
0.008496003007832709
0.008808190459503873
0.00901840260402098
0.009124138537977444
0.009124138537977444
0.00901840260402098
0.00880819045950565
0.00849600300783182
0.008085545881667322
0.007792813951373212
0.00787445730144487
0.008205360509289328
0.008664127355030526
0.009026515228824916
0.009288377548135607
0.00944670927050506
0.009499689788316612
0.009446709270503284
0.009288377548136051
0.009026515228823584
0.008664127355029194
0.008205360509289328
0.00787445730144487
0.007923144217671485
0.008291530550961657
0.008792799061602352
0.009200586888346685
0.00951042362455734
0.009718900577412981
0.00982371810133209
0.009823718101334311
0.009718900577412537
0.009510423624556896
0.009200586888347129
0.008792799061601464
0.008291530550960324
0.007923144217671485
0.007925936454982185
0.008329520755628206
0.008864615119135166
0.009310267300351338
0.009661829428696755
0.009915619507780526
0.01006897075786961
0.010120268131492693
0.01006897075786961
0.009915619507780082
0.009661829428696311
0.009310267300350894
0.008864615119136943
0.008329520755628206
0.007925936454982185
0.007869639490614588
0.008304101979609513
0.008861299827940261
0.009334306015512883
0.00971846454174452
0.010009975778640268
0.010205945122415017
0.010304421007491626
0.010304421007493403
0.010205945122414573
0.010009975778634939
0.009718464541743632
0.009334306015512439
0.00886129982794115
0.008304101979608625
0.007869639490614588
0.007742485977505709
0.008201186871264365
0.008766011484967251
0.009253083819488417
0.009657918979706803
0.009976769484404624
0.010206670580220845
0.010345477122925217
0.01039189084930392
0.010345477122925217
0.010206670580220845
0.009976769484403736
0.009657918979707691
0.009253083819488417
0.008766011484966807
0.008201186871264365
0.007742485977505709
0.007536231989953457
0.008010235787512254
0.008566363948104616
0.00905222408817341
0.009463672405526147
0.009797179862126804
0.010049871941888444
0.010219562047438124
0.010304777530313114
0.010304777530313114
0.010219562047438124
0.010049871941893329
0.009797179862127692
0.009463672405597201
0.009052224088173855
0.008566363948104616
0.008010235787511366
0.007536231989953457
0.007248186867367501
0.007726727816464329
0.008257501109594667
0.008726265656112897
0.009129357809923189
0.009463608870170503
0.0097263778558343
0.009915579708931865
0.01002970815382831
0.010067852538666155
0.010029708153828754
0.009915579708930089
0.009726377855833412
0.009463608870170503
0.009129357809924077
0.008726265656112453
0.008257501109593335
0.007726727816464329
0.007248186867367501
0.006866098321435921
0.006915631905227926
0.0069102241020928545
0.007001756437904572
0.007001756437905904
0.0069695813055368205
0.0071033540108809134
0.007151320297494657
0.0071033540108809134
0.007043573870266329
0.007219697846421624
0.007316786388958274
0.007316786388958274
0.007219697846418072
0.007131208743247797
0.00734950097487852
0.007497009507911212
0.007546398176225821
0.0074970095079121
0.00734950097487852
0.007230954792084354
0.007490709938598794
0.007689940399802975
0.007790212768358451
0.007790212768357119
0.007689940399802975
0.007490709938597906
0.007340555331786902
0.007640240374914953
0.007892298434217793
0.008044842042024047
0.008095909033065674
0.008044842042024491
0.007892298434216904
0.007640240374914509
0.007456792508031995
0.007793657593029302
0.008099172909525443
0.008305010451126194
0.008408581329026887
0.008408581329027331
0.008305010451126194
0.00809917290952411
0.007793657593029302
0.007575209872812572
0.00794482169953259
0.008303575461638513
0.008563015101544114
0.00871996318596624
0.00877249422530113
0.00871996318596624
0.008563015101542781
0.008303575461635848
0.007944821699531257
0.007689815388186361
0.008085545881667322
0.008496003007832709
0.008808190459503873
0.00901840260402098
0.009124138537977444
0.009124138537977444
0.00901840260402098
0.00880819045950565
0.00849600300783182
0.008085545881667322
0.007792813951373212
0.008205360509289328
0.008664127355030526
0.009026515228824916
0.009288377548135607
0.00944670927050506
0.009499689788316612
0.009446709270503284
0.009288377548136051
0.009026515228823584
0.008664127355029194
0.008205360509289328
0.00787445730144487
0.008291530550961657
0.008792799061602352
0.009200586888346685
0.00951042362455734
0.009718900577412981
0.00982371810133209
0.009823718101334311
0.009718900577412537
0.009510423624556896
0.009200586888347129
0.008792799061601464
0.008291530550960324
0.007923144217671485
0.008329520755628206
0.008864615119135166
0.009310267300351338
0.009661829428696755
0.009915619507780526
0.01006897075786961
0.010120268131492693
0.01006897075786961
0.009915619507780082
0.009661829428696311
0.009310267300350894
0.008864615119136943
0.008329520755628206
0.007925936454982185
0.008304101979609513
0.008861299827940261
0.009334306015512883
0.00971846454174452
0.010009975778640268
0.010205945122415017
0.010304421007491626
0.010304421007493403
0.010205945122414573
0.010009975778634939
0.009718464541743632
0.009334306015512439
0.00886129982794115
0.008304101979608625
0.007869639490614588
0.008201186871264365
0.008766011484967251
0.009253083819488417
0.009657918979706803
0.009976769484404624
0.010206670580220845
0.010345477122925217
0.01039189084930392
0.010345477122925217
0.010206670580220845
0.009976769484403736
0.009657918979707691
0.009253083819488417
0.008766011484966807
0.008201186871264365
0.007742485977505709
0.008010235787512254
0.008566363948104616
0.00905222408817341
0.009463672405526147
0.009797179862126804
0.010049871941888444
0.010219562047438124
0.010304777530313114
0.010304777530313114
0.010219562047438124
0.010049871941893329
0.009797179862127692
0.009463672405597201
0.009052224088173855
0.008566363948104616
0.008010235787511366
0.007536231989953457
0.007726727816464329
0.008257501109594667
0.008726265656112897
0.009129357809923189
0.009463608870170503
0.0097263778558343
0.009915579708931865
0.01002970815382831
0.010067852538666155
0.010029708153828754
0.009915579708930089
0.009726377855833412
0.009463608870170503
0.009129357809924077
0.008726265656112453
0.008257501109593335
0.007726727816464329
0.007248186867367501
0.006866098321435921
0.0069102241020928545
0.006915631905227926
0.0069695813055368205
0.007001756437904572
0.007001756437905904
0.007043573870266329
0.0071033540108809134
0.007151320297494657
0.0071033540108809134
0.007131208743247797
0.007219697846421624
0.007316786388958274
0.007316786388958274
0.007219697846418072
0.007230954792084354
0.00734950097487852
0.007497009507911212
0.007546398176225821
0.0074970095079121
0.00734950097487852
0.007340555331792231
0.007490709938598794
0.007689940399802975
0.007790212768358451
0.007790212768357119
0.007689940399802975
0.007490709938597906
0.007456792508031995
0.007640240374914953
0.007892298434217793
0.008044842042024047
0.008095909033065674
0.008044842042024491
0.007892298434216904
0.007640240374914509
0.007575209872812572
0.007793657593029302
0.008099172909525443
0.008305010451126194
0.008408581329026887
0.008408581329027331
0.008305010451126194
0.00809917290952411
0.007793657593029302
0.007689815388186361
0.00794482169953259
0.008303575461638513
0.008563015101544114
0.00871996318596624
0.00877249422530113
0.00871996318596624
0.008563015101542781
0.008303575461635848
0.007944821699531257
0.007792813951373212
0.008085545881667322
0.008496003007832709
0.008808190459503873
0.00901840260402098
0.009124138537977444
0.009124138537977444
0.00901840260402098
0.00880819045950565
0.00849600300783182
0.008085545881667322
0.00787445730144487
0.008205360509289328
0.008664127355030526
0.009026515228824916
0.009288377548135607
0.00944670927050506
0.009499689788316612
0.009446709270503284
0.009288377548136051
0.009026515228823584
0.008664127355029194
0.008205360509289328
0.007923144217671485
0.008291530550961657
0.008792799061602352
0.009200586888346685
0.00951042362455734
0.009718900577412981
0.00982371810133209
0.009823718101334311
0.009718900577412537
0.009510423624556896
0.009200586888347129
0.008792799061601464
0.008291530550960324
0.007925936454982185
0.008329520755628206
0.008864615119135166
0.009310267300351338
0.009661829428696755
0.009915619507780526
0.01006897075786961
0.010120268131492693
0.01006897075786961
0.009915619507780082
0.009661829428696311
0.009310267300350894
0.008864615119136943
0.008329520755628206
0.007869639490614588
0.008304101979609513
0.008861299827940261
0.009334306015512883
0.00971846454174452
0.010009975778640268
0.010205945122415017
0.010304421007491626
0.010304421007493403
0.010205945122414573
0.010009975778634939
0.009718464541743632
0.009334306015512439
0.00886129982794115
0.008304101979608625
0.007742485977505709
0.008201186871264365
0.008766011484967251
0.009253083819488417
0.009657918979706803
0.009976769484404624
0.010206670580220845
0.010345477122925217
0.01039189084930392
0.010345477122925217
0.010206670580220845
0.009976769484403736
0.009657918979707691
0.009253083819488417
0.008766011484966807
0.008201186871264365
0.007536231989953457
0.008010235787512254
0.008566363948104616
0.00905222408817341
0.009463672405526147
0.009797179862126804
0.010049871941888444
0.010219562047438124
0.010304777530313114
0.010304777530313114
0.010219562047438124
0.010049871941893329
0.009797179862127692
0.009463672405597201
0.009052224088173855
0.008566363948104616
0.008010235787511366
0.007248186867367501
0.007726727816464329
0.008257501109594667
0.008726265656112897
0.009129357809923189
0.009463608870170503
0.0097263778558343
0.009915579708931865
0.01002970815382831
0.010067852538666155
0.010029708153828754
0.009915579708930089
0.009726377855833412
0.009463608870170503
0.009129357809924077
0.008726265656112453
0.008257501109593335
0.007726727816464329
0.006915631905227926
0.007001756437904572
0.007001756437905904
0.0071033540108809134
0.007151320297494657
0.0071033540108809134
0.007219697846421624
0.007316786388958274
0.007316786388958274
0.007219697846418072
0.00734950097487852
0.007497009507911212
0.007546398176225821
0.0074970095079121
0.00734950097487852
0.007490709938598794
0.007689940399802975
0.007790212768358451
0.007790212768357119
0.007689940399802975
0.007490709938597906
0.007640240374914953
0.007892298434217793
0.008044842042024047
0.008095909033065674
0.008044842042024491
0.007892298434216904
0.007640240374914509
0.007793657593029302
0.008099172909525443
0.008305010451126194
0.008408581329026887
0.008408581329027331
0.008305010451126194
0.00809917290952411
0.007793657593029302
0.00794482169953259
0.008303575461638513
0.008563015101544114
0.00871996318596624
0.00877249422530113
0.00871996318596624
0.008563015101542781
0.008303575461635848
0.007944821699531257
0.008085545881667322
0.008496003007832709
0.008808190459503873
0.00901840260402098
0.009124138537977444
0.009124138537977444
0.00901840260402098
0.00880819045950565
0.00849600300783182
0.008085545881667322
0.008205360509289328
0.008664127355030526
0.009026515228824916
0.009288377548135607
0.00944670927050506
0.009499689788316612
0.009446709270503284
0.009288377548136051
0.009026515228823584
0.008664127355029194
0.008205360509289328
0.008291530550961657
0.008792799061602352
0.009200586888346685
0.00951042362455734
0.009718900577412981
0.00982371810133209
0.009823718101334311
0.009718900577412537
0.009510423624556896
0.009200586888347129
0.008792799061601464
0.008291530550960324
0.008329520755628206
0.008864615119135166
0.009310267300351338
0.009661829428696755
0.009915619507780526
0.01006897075786961
0.010120268131492693
0.01006897075786961
0.009915619507780082
0.009661829428696311
0.009310267300350894
0.008864615119136943
0.008329520755628206
0.008304101979609513
0.008861299827940261
0.009334306015512883
0.00971846454174452
0.010009975778640268
0.010205945122415017
0.010304421007491626
0.010304421007493403
0.010205945122414573
0.010009975778634939
0.009718464541743632
0.009334306015512439
0.00886129982794115
0.008304101979608625
0.008201186871264365
0.008766011484967251
0.009253083819488417
0.009657918979706803
0.009976769484404624
0.010206670580220845
0.010345477122925217
0.01039189084930392
0.010345477122925217
0.010206670580220845
0.009976769484403736
0.009657918979707691
0.009253083819488417
0.008766011484966807
0.008201186871264365
0.008010235787512254
0.008566363948104616
0.00905222408817341
0.009463672405526147
0.009797179862126804
0.010049871941888444
0.010219562047438124
0.010304777530313114
0.010304777530313114
0.010219562047438124
0.010049871941893329
0.009797179862127692
0.009463672405597201
0.009052224088173855
0.008566363948104616
0.008010235787511366
0.007726727816464329
0.008257501109594667
0.008726265656112897
0.009129357809923189
0.009463608870170503
0.0097263778558343
0.009915579708931865
0.01002970815382831
0.010067852538666155
0.010029708153828754
0.009915579708930089
0.009726377855833412
0.009463608870170503
0.009129357809924077
0.008726265656112453
0.008257501109593335
0.007726727816464329
