0.0020539605070979405
0.0033766350716595284
0.0033766350716595284
0.003959961991824912
0.0038351192178076587
0.003959961991824912
0.00462250478276971
0.004513452053751532
0.004513452053751532
0.00462250478276971
0.00535167671207315
0.005280213557158575
0.005348081507491997
0.005280213557158575
0.00535167671207315
0.006118362610427752
0.006115019529157717
0.00629044869705897
0.006290448697059858
0.006115019529157717
0.006118362610427752
0.00687297280989263
0.00697544645361603
0.007307798533521925
0.0074244550368671725
0.0073077985334379925
0.00697544645361603
0.00687297280989263
0.007546223041146938
0.00779361087442787
0.008335354264899397
0.008630054540554877
0.008630054540554433
0.008335354264898065
0.00779361087442787
0.007546223041146938
0.00805815869192994
0.00848058615414704
0.009273914085898394
0.009810801211092013
0.010001274808516314
0.009810801211092013
0.009273914085898394
0.00848058615414704
0.00805815869192994
0.008336070952250196
0.008942406390621382
0.010001274930683035
0.010827967550613327
0.01128458004485866
0.01128458004485866
0.010827967550618656
0.010001274930679926
0.008942406390620494
0.008336070952250196
0.008336070952252861
0.009105665316693656
0.01040107105714938
0.011524936304471822
0.012299119661891122
0.012576407594946826
0.01229911966188979
0.011524936304415423
0.010401071057149824
0.009105665316692324
0.008336070952252861
0.008058158691930828
0.008942406390623159
0.010401071057086764
0.01177385479877513
0.012864145708183727
0.01347322072204804
0.013473220722047596
0.012864145708182395
0.01177385479877735
0.010401071057152933
0.008942406390626267
0.00805815869193438
0.007546223041147826
0.008480586154150593
0.010001274930680815
0.011524936304466937
0.012864145708187724
0.013795779023672683
0.014131236849673545
0.013795779023671795
0.012864145708184171
0.011524936304466937
0.010001274930680815
0.008480586154147485
0.007546223041149602
0.00687297280989263
0.007793610874428314
0.009273914085899726
0.010827967550616435
0.012299119661891122
0.01347322072204582
0.01413123684967399
0.01413123684967399
0.013473220722046264
0.012299119661888458
0.010827967550617323
0.009273914085897506
0.007793610874428314
0.00687297280989263
0.006118362610432193
0.00697544645361603
0.008335354264900285
0.009810801211088016
0.011284580044863546
0.012576407594945493
0.01347322072204582
0.013795779023674903
0.013473220722046264
0.012576407594948602
0.011284580044860437
0.009810801211088016
0.008335354264900285
0.00697544645361603
0.006118362610432193
0.005351676712077591
0.006115019529155941
0.007307798533520593
0.008630054540558874
0.010001274808517202
0.01128458004485866
0.012299119661886238
0.012864145708183727
0.012864145708183727
0.012299119661886238
0.01128458004486177
0.010001274808518978
0.00863005454055843
0.007307798533520593
0.006115019529155941
0.005351676712077591
0.00462250478276971
0.0052802135571607955
0.006290448697063855
0.007424455036870281
0.008630054540557097
0.009810801211089792
0.010827967550615547
0.011524936304463829
0.011773854798774686
0.011524936304463829
0.010827967550617323
0.009810801211090237
0.008630054540557541
0.007424455036870281
0.006290448697063855
0.0052802135571607955
0.00462250478276971
0.003959961991824912
0.004513452053751532
0.005348081507491109
0.006290448697063855
0.007307798533520593
0.00833535426490073
0.009273914085899282
0.010001274930684811
0.010401071057092537
0.010401071057092537
0.010001274930684367
0.009273914085899726
0.008335354264898509
0.007307798533521925
0.006290448697063855
0.005348081507491109
0.004513452053751532
0.003959961991824912
0.0033766350716604165
0.003835119217808547
0.00451345205375242
0.005280213557158131
0.006115019529158605
0.006975446453622691
0.007793610874429202
0.008480586154146597
0.0089424063906276
0.009105665316698985
0.0089424063906276
0.008480586154145264
0.007793610874337276
0.006975446453622247
0.006115019529159937
0.005280213557158575
0.00451345205375242
0.003835119217808547
0.0033766350716604165
0.0020539605070979405
0.0033766350716595284
0.003959961991824912
0.00462250478276971
0.0053516767120749265
0.006118362610432193
0.00687297280989263
0.007546223041148714
0.008058158691932604
0.008336070952249308
0.008336070952252861
0.008058158691933492
0.00754622304114605
0.00687297280989263
0.006118362610432193
0.0053516767120749265
0.004622504782771486
0.003959961991824912
0.0033766350716604165
0.0020539605070979405
0.0033766350716595284
0.0038351192178076587
0.003959961991824912
0.004513452053751532
0.004513452053751532
0.00462250478276971
0.005280213557158575
0.005348081507491997
0.005280213557158575
0.00535167671207315
0.006115019529157717
0.00629044869705897
0.006290448697059858
0.006115019529157717
0.006118362610427752
0.00697544645361603
0.007307798533521925
0.0074244550368671725
0.0073077985334379925
0.00697544645361603
0.00687297280989263
0.00779361087442787
0.008335354264899397
0.008630054540554877
0.008630054540554433
0.008335354264898065
0.00779361087442787
0.007546223041146938
0.00848058615414704
0.009273914085898394
0.009810801211092013
0.010001274808516314
0.009810801211092013
0.009273914085898394
0.00848058615414704
0.00805815869192994
0.008942406390621382
0.010001274930683035
0.010827967550613327
0.01128458004485866
0.01128458004485866
0.010827967550618656
0.010001274930679926
0.008942406390620494
0.008336070952250196
0.009105665316693656
0.01040107105714938
0.011524936304471822
0.012299119661891122
0.012576407594946826
0.01229911966188979
0.011524936304415423
0.010401071057149824
0.009105665316692324
0.008336070952252861
0.008942406390623159
0.010401071057086764
0.01177385479877513
0.012864145708183727
0.01347322072204804
0.013473220722047596
0.012864145708182395
0.01177385479877735
0.010401071057152933
0.008942406390626267
0.00805815869193438
0.008480586154150593
0.010001274930680815
0.011524936304466937
0.012864145708187724
0.013795779023672683
0.014131236849673545
0.013795779023671795
0.012864145708184171
0.011524936304466937
0.010001274930680815
0.008480586154147485
0.007546223041149602
0.007793610874428314
0.009273914085899726
0.010827967550616435
0.012299119661891122
0.01347322072204582
0.01413123684967399
0.01413123684967399
0.013473220722046264
0.012299119661888458
0.010827967550617323
0.009273914085897506
0.007793610874428314
0.00687297280989263
0.00697544645361603
0.008335354264900285
0.009810801211088016
0.011284580044863546
0.012576407594945493
0.01347322072204582
0.013795779023674903
0.013473220722046264
0.012576407594948602
0.011284580044860437
0.009810801211088016
0.008335354264900285
0.00697544645361603
0.006118362610432193
0.006115019529155941
0.007307798533520593
0.008630054540558874
0.010001274808517202
0.01128458004485866
0.012299119661886238
0.012864145708183727
0.012864145708183727
0.012299119661886238
0.01128458004486177
0.010001274808518978
0.00863005454055843
0.007307798533520593
0.006115019529155941
0.005351676712077591
0.0052802135571607955
0.006290448697063855
0.007424455036870281
0.008630054540557097
0.009810801211089792
0.010827967550615547
0.011524936304463829
0.011773854798774686
0.011524936304463829
0.010827967550617323
0.009810801211090237
0.008630054540557541
0.007424455036870281
0.006290448697063855
0.0052802135571607955
0.00462250478276971
0.004513452053751532
0.005348081507491109
0.006290448697063855
0.007307798533520593
0.00833535426490073
0.009273914085899282
0.010001274930684811
0.010401071057092537
0.010401071057092537
0.010001274930684367
0.009273914085899726
0.008335354264898509
0.007307798533521925
0.006290448697063855
0.005348081507491109
0.004513452053751532
0.003959961991824912
0.003835119217808547
0.00451345205375242
0.005280213557158131
0.006115019529158605
0.006975446453622691
0.007793610874429202
0.008480586154146597
0.0089424063906276
0.009105665316698985
0.0089424063906276
0.008480586154145264
0.007793610874337276
0.006975446453622247
0.006115019529159937
0.005280213557158575
0.00451345205375242
0.003835119217808547
0.0033766350716604165
0.0033766350716595284
0.003959961991824912
0.00462250478276971
0.0053516767120749265
0.006118362610432193
0.00687297280989263
0.007546223041148714
0.008058158691932604
0.008336070952249308
0.008336070952252861
0.008058158691933492
0.00754622304114605
0.00687297280989263
0.006118362610432193
0.0053516767120749265
0.004622504782771486
0.003959961991824912
0.0033766350716604165
0.0020539605070979405
0.0033766350716595284
0.003959961991824912
0.0038351192178076587
0.00462250478276971
0.004513452053751532
0.004513452053751532
0.00535167671207315
0.005280213557158575
0.005348081507491997
0.005280213557158575
0.006118362610427752
0.006115019529157717
0.00629044869705897
0.006290448697059858
0.006115019529157717
0.00687297280989263
0.00697544645361603
0.007307798533521925
0.0074244550368671725
0.0073077985334379925
0.00697544645361603
0.007546223041146938
0.00779361087442787
0.008335354264899397
0.008630054540554877
0.008630054540554433
0.008335354264898065
0.00779361087442787
0.00805815869192994
0.00848058615414704
0.009273914085898394
0.009810801211092013
0.010001274808516314
0.009810801211092013
0.009273914085898394
0.00848058615414704
0.008336070952250196
0.008942406390621382
0.010001274930683035
0.010827967550613327
0.01128458004485866
0.01128458004485866
0.010827967550618656
0.010001274930679926
0.008942406390620494
0.008336070952252861
0.009105665316693656
0.01040107105714938
0.011524936304471822
0.012299119661891122
0.012576407594946826
0.01229911966188979
0.011524936304415423
0.010401071057149824
0.009105665316692324
0.008058158691930828
0.008942406390623159
0.010401071057086764
0.01177385479877513
0.012864145708183727
0.01347322072204804
0.013473220722047596
0.012864145708182395
0.01177385479877735
0.010401071057152933
0.008942406390626267
0.007546223041147826
0.008480586154150593
0.010001274930680815
0.011524936304466937
0.012864145708187724
0.013795779023672683
0.014131236849673545
0.013795779023671795
0.012864145708184171
0.011524936304466937
0.010001274930680815
0.008480586154147485
0.00687297280989263
0.007793610874428314
0.009273914085899726
0.010827967550616435
0.012299119661891122
0.01347322072204582
0.01413123684967399
0.01413123684967399
0.013473220722046264
0.012299119661888458
0.010827967550617323
0.009273914085897506
0.007793610874428314
0.006118362610432193
0.00697544645361603
0.008335354264900285
0.009810801211088016
0.011284580044863546
0.012576407594945493
0.01347322072204582
0.013795779023674903
0.013473220722046264
0.012576407594948602
0.011284580044860437
0.009810801211088016
0.008335354264900285
0.00697544645361603
0.005351676712077591
0.006115019529155941
0.007307798533520593
0.008630054540558874
0.010001274808517202
0.01128458004485866
0.012299119661886238
0.012864145708183727
0.012864145708183727
0.012299119661886238
0.01128458004486177
0.010001274808518978
0.00863005454055843
0.007307798533520593
0.006115019529155941
0.00462250478276971
0.0052802135571607955
0.006290448697063855
0.007424455036870281
0.008630054540557097
0.009810801211089792
0.010827967550615547
0.011524936304463829
0.011773854798774686
0.011524936304463829
0.010827967550617323
0.009810801211090237
0.008630054540557541
0.007424455036870281
0.006290448697063855
0.0052802135571607955
0.003959961991824912
0.004513452053751532
0.005348081507491109
0.006290448697063855
0.007307798533520593
0.00833535426490073
0.009273914085899282
0.010001274930684811
0.010401071057092537
0.010401071057092537
0.010001274930684367
0.009273914085899726
0.008335354264898509
0.007307798533521925
0.006290448697063855
0.005348081507491109
0.004513452053751532
0.0033766350716604165
0.003835119217808547
0.00451345205375242
0.005280213557158131
0.006115019529158605
0.006975446453622691
0.007793610874429202
0.008480586154146597
0.0089424063906276
0.009105665316698985
0.0089424063906276
0.008480586154145264
0.007793610874337276
0.006975446453622247
0.006115019529159937
0.005280213557158575
0.00451345205375242
0.003835119217808547
0.0020539605070979405
0.0033766350716595284
0.003959961991824912
0.00462250478276971
0.0053516767120749265
0.006118362610432193
0.00687297280989263
0.007546223041148714
0.008058158691932604
0.008336070952249308
0.008336070952252861
0.008058158691933492
0.00754622304114605
0.00687297280989263
0.006118362610432193
0.0053516767120749265
0.004622504782771486
0.003959961991824912
0.0033766350716604165
0.0038351192178076587
0.004513452053751532
0.004513452053751532
0.005280213557158575
0.005348081507491997
0.005280213557158575
0.006115019529157717
0.00629044869705897
0.006290448697059858
0.006115019529157717
0.00697544645361603
0.007307798533521925
0.0074244550368671725
0.0073077985334379925
0.00697544645361603
0.00779361087442787
0.008335354264899397
0.008630054540554877
0.008630054540554433
0.008335354264898065
0.00779361087442787
0.00848058615414704
0.009273914085898394
0.009810801211092013
0.010001274808516314
0.009810801211092013
0.009273914085898394
0.00848058615414704
0.008942406390621382
0.010001274930683035
0.010827967550613327
0.01128458004485866
0.01128458004485866
0.010827967550618656
0.010001274930679926
0.008942406390620494
0.009105665316693656
0.01040107105714938
0.011524936304471822
0.012299119661891122
0.012576407594946826
0.01229911966188979
0.011524936304415423
0.010401071057149824
0.009105665316692324
0.008942406390623159
0.010401071057086764
0.01177385479877513
0.012864145708183727
0.01347322072204804
0.013473220722047596
0.012864145708182395
0.01177385479877735
0.010401071057152933
0.008942406390626267
0.008480586154150593
0.010001274930680815
0.011524936304466937
0.012864145708187724
0.013795779023672683
0.014131236849673545
0.013795779023671795
0.012864145708184171
0.011524936304466937
0.010001274930680815
0.008480586154147485
0.007793610874428314
0.009273914085899726
0.010827967550616435
0.012299119661891122
0.01347322072204582
0.01413123684967399
0.01413123684967399
0.013473220722046264
0.012299119661888458
0.010827967550617323
0.009273914085897506
0.007793610874428314
0.00697544645361603
0.008335354264900285
0.009810801211088016
0.011284580044863546
0.012576407594945493
0.01347322072204582
0.013795779023674903
0.013473220722046264
0.012576407594948602
0.011284580044860437
0.009810801211088016
0.008335354264900285
0.00697544645361603
0.006115019529155941
0.007307798533520593
0.008630054540558874
0.010001274808517202
0.01128458004485866
0.012299119661886238
0.012864145708183727
0.012864145708183727
0.012299119661886238
0.01128458004486177
0.010001274808518978
0.00863005454055843
0.007307798533520593
0.006115019529155941
0.0052802135571607955
0.006290448697063855
0.007424455036870281
0.008630054540557097
0.009810801211089792
0.010827967550615547
0.011524936304463829
0.011773854798774686
0.011524936304463829
0.010827967550617323
0.009810801211090237
0.008630054540557541
0.007424455036870281
0.006290448697063855
0.0052802135571607955
0.004513452053751532
0.005348081507491109
0.006290448697063855
0.007307798533520593
0.00833535426490073
0.009273914085899282
0.010001274930684811
0.010401071057092537
0.010401071057092537
0.010001274930684367
0.009273914085899726
0.008335354264898509
0.007307798533521925
0.006290448697063855
0.005348081507491109
0.004513452053751532
0.003835119217808547
0.00451345205375242
0.005280213557158131
0.006115019529158605
0.006975446453622691
0.007793610874429202
0.008480586154146597
0.0089424063906276
0.009105665316698985
0.0089424063906276
0.008480586154145264
0.007793610874337276
0.006975446453622247
0.006115019529159937
0.005280213557158575
0.00451345205375242
0.003835119217808547
0.0033766350716595284
0.003959961991824912
0.00462250478276971
0.0053516767120749265
0.006118362610432193
0.00687297280989263
0.007546223041148714
0.008058158691932604
0.008336070952249308
0.008336070952252861
0.008058158691933492
0.00754622304114605
0.00687297280989263
0.006118362610432193
0.0053516767120749265
0.004622504782771486
0.003959961991824912
0.0033766350716604165
0.0020539605070979405
0.0033766350716595284
0.0033766350716595284
0.003959961991824912
0.0038351192178076587
0.003959961991824912
0.00462250478276971
0.004513452053751532
0.004513452053751532
0.00462250478276971
0.00535167671207315
0.005280213557158575
0.005348081507491997
0.005280213557158575
0.00535167671207315
0.006118362610427752
0.006115019529157717
0.00629044869705897
0.006290448697059858
0.006115019529157717
0.006118362610427752
0.00687297280989263
0.00697544645361603
0.007307798533521925
0.0074244550368671725
0.0073077985334379925
0.00697544645361603
0.00687297280989263
0.007546223041146938
0.00779361087442787
0.008335354264899397
0.008630054540554877
0.008630054540554433
0.008335354264898065
0.00779361087442787
0.007546223041146938
0.00805815869192994
0.00848058615414704
0.009273914085898394
0.009810801211092013
0.010001274808516314
0.009810801211092013
0.009273914085898394
0.00848058615414704
0.00805815869192994
0.008336070952250196
0.008942406390621382
0.010001274930683035
0.010827967550613327
0.01128458004485866
0.01128458004485866
0.010827967550618656
0.010001274930679926
0.008942406390620494
0.008336070952250196
0.008336070952252861
0.009105665316693656
0.01040107105714938
0.011524936304471822
0.012299119661891122
0.012576407594946826
0.01229911966188979
0.011524936304415423
0.010401071057149824
0.009105665316692324
0.008336070952252861
0.008058158691930828
0.008942406390623159
0.010401071057086764
0.01177385479877513
0.012864145708183727
0.01347322072204804
0.013473220722047596
0.012864145708182395
0.01177385479877735
0.010401071057152933
0.008942406390626267
0.00805815869193438
0.007546223041147826
0.008480586154150593
0.010001274930680815
0.011524936304466937
0.012864145708187724
0.013795779023672683
0.014131236849673545
0.013795779023671795
0.012864145708184171
0.011524936304466937
0.010001274930680815
0.008480586154147485
0.007546223041149602
0.00687297280989263
0.007793610874428314
0.009273914085899726
0.010827967550616435
0.012299119661891122
0.01347322072204582
0.01413123684967399
0.01413123684967399
0.013473220722046264
0.012299119661888458
0.010827967550617323
0.009273914085897506
0.007793610874428314
0.00687297280989263
0.006118362610432193
0.00697544645361603
0.008335354264900285
0.009810801211088016
0.011284580044863546
0.012576407594945493
0.01347322072204582
0.013795779023674903
0.013473220722046264
0.012576407594948602
0.011284580044860437
0.009810801211088016
0.008335354264900285
0.00697544645361603
0.006118362610432193
0.005351676712077591
0.006115019529155941
0.007307798533520593
0.008630054540558874
0.010001274808517202
0.01128458004485866
0.012299119661886238
0.012864145708183727
0.012864145708183727
0.012299119661886238
0.01128458004486177
0.010001274808518978
0.00863005454055843
0.007307798533520593
0.006115019529155941
0.005351676712077591
0.00462250478276971
0.0052802135571607955
0.006290448697063855
0.007424455036870281
0.008630054540557097
0.009810801211089792
0.010827967550615547
0.011524936304463829
0.011773854798774686
0.011524936304463829
0.010827967550617323
0.009810801211090237
0.008630054540557541
0.007424455036870281
0.006290448697063855
0.0052802135571607955
0.00462250478276971
0.003959961991824912
0.004513452053751532
0.005348081507491109
0.006290448697063855
0.007307798533520593
0.00833535426490073
0.009273914085899282
0.010001274930684811
0.010401071057092537
0.010401071057092537
0.010001274930684367
0.009273914085899726
0.008335354264898509
0.007307798533521925
0.006290448697063855
0.005348081507491109
0.004513452053751532
0.003959961991824912
0.0033766350716604165
0.003835119217808547
0.00451345205375242
0.005280213557158131
0.006115019529158605
0.006975446453622691
0.007793610874429202
0.008480586154146597
0.0089424063906276
0.009105665316698985
0.0089424063906276
0.008480586154145264
0.007793610874337276
0.006975446453622247
0.006115019529159937
0.005280213557158575
0.00451345205375242
0.003835119217808547
0.0033766350716604165
0.0033766350716595284
0.0038351192178076587
0.003959961991824912
0.004513452053751532
0.004513452053751532
0.00462250478276971
0.005280213557158575
0.005348081507491997
0.005280213557158575
0.00535167671207315
0.006115019529157717
0.00629044869705897
0.006290448697059858
0.006115019529157717
0.006118362610427752
0.00697544645361603
0.007307798533521925
0.0074244550368671725
0.0073077985334379925
0.00697544645361603
0.00687297280989263
0.00779361087442787
0.008335354264899397
0.008630054540554877
0.008630054540554433
0.008335354264898065
0.00779361087442787
0.007546223041146938
0.00848058615414704
0.009273914085898394
0.009810801211092013
0.010001274808516314
0.009810801211092013
0.009273914085898394
0.00848058615414704
0.00805815869192994
0.008942406390621382
0.010001274930683035
0.010827967550613327
0.01128458004485866
0.01128458004485866
0.010827967550618656
0.010001274930679926
0.008942406390620494
0.008336070952250196
0.009105665316693656
0.01040107105714938
0.011524936304471822
0.012299119661891122
0.012576407594946826
0.01229911966188979
0.011524936304415423
0.010401071057149824
0.009105665316692324
0.008336070952252861
0.008942406390623159
0.010401071057086764
0.01177385479877513
0.012864145708183727
0.01347322072204804
0.013473220722047596
0.012864145708182395
0.01177385479877735
0.010401071057152933
0.008942406390626267
0.00805815869193438
0.008480586154150593
0.010001274930680815
0.011524936304466937
0.012864145708187724
0.013795779023672683
0.014131236849673545
0.013795779023671795
0.012864145708184171
0.011524936304466937
0.010001274930680815
0.008480586154147485
0.007546223041149602
0.007793610874428314
0.009273914085899726
0.010827967550616435
0.012299119661891122
0.01347322072204582
0.01413123684967399
0.01413123684967399
0.013473220722046264
0.012299119661888458
0.010827967550617323
0.009273914085897506
0.007793610874428314
0.00687297280989263
0.00697544645361603
0.008335354264900285
0.009810801211088016
0.011284580044863546
0.012576407594945493
0.01347322072204582
0.013795779023674903
0.013473220722046264
0.012576407594948602
0.011284580044860437
0.009810801211088016
0.008335354264900285
0.00697544645361603
0.006118362610432193
0.006115019529155941
0.007307798533520593
0.008630054540558874
0.010001274808517202
0.01128458004485866
0.012299119661886238
0.012864145708183727
0.012864145708183727
0.012299119661886238
0.01128458004486177
0.010001274808518978
0.00863005454055843
0.007307798533520593
0.006115019529155941
0.005351676712077591
0.0052802135571607955
0.006290448697063855
0.007424455036870281
0.008630054540557097
0.009810801211089792
0.010827967550615547
0.011524936304463829
0.011773854798774686
0.011524936304463829
0.010827967550617323
0.009810801211090237
0.008630054540557541
0.007424455036870281
0.006290448697063855
0.0052802135571607955
0.00462250478276971
0.004513452053751532
0.005348081507491109
0.006290448697063855
0.007307798533520593
0.00833535426490073
0.009273914085899282
0.010001274930684811
0.010401071057092537
0.010401071057092537
0.010001274930684367
0.009273914085899726
0.008335354264898509
0.007307798533521925
0.006290448697063855
0.005348081507491109
0.004513452053751532
0.003959961991824912
0.003835119217808547
0.00451345205375242
0.005280213557158131
0.006115019529158605
0.006975446453622691
0.007793610874429202
0.008480586154146597
0.0089424063906276
0.009105665316698985
0.0089424063906276
0.008480586154145264
0.007793610874337276
0.006975446453622247
0.006115019529159937
0.005280213557158575
0.00451345205375242
0.003835119217808547
0.0033766350716604165
0.0033766350716595284
0.003959961991824912
0.0038351192178076587
0.00462250478276971
0.004513452053751532
0.004513452053751532
0.00535167671207315
0.005280213557158575
0.005348081507491997
0.005280213557158575
0.006118362610427752
0.006115019529157717
0.00629044869705897
0.006290448697059858
0.006115019529157717
0.00687297280989263
0.00697544645361603
0.007307798533521925
0.0074244550368671725
0.0073077985334379925
0.00697544645361603
0.007546223041146938
0.00779361087442787
0.008335354264899397
0.008630054540554877
0.008630054540554433
0.008335354264898065
0.00779361087442787
0.00805815869192994
0.00848058615414704
0.009273914085898394
0.009810801211092013
0.010001274808516314
0.009810801211092013
0.009273914085898394
0.00848058615414704
0.008336070952250196
0.008942406390621382
0.010001274930683035
0.010827967550613327
0.01128458004485866
0.01128458004485866
0.010827967550618656
0.010001274930679926
0.008942406390620494
0.008336070952252861
0.009105665316693656
0.01040107105714938
0.011524936304471822
0.012299119661891122
0.012576407594946826
0.01229911966188979
0.011524936304415423
0.010401071057149824
0.009105665316692324
0.008058158691930828
0.008942406390623159
0.010401071057086764
0.01177385479877513
0.012864145708183727
0.01347322072204804
0.013473220722047596
0.012864145708182395
0.01177385479877735
0.010401071057152933
0.008942406390626267
0.007546223041147826
0.008480586154150593
0.010001274930680815
0.011524936304466937
0.012864145708187724
0.013795779023672683
0.014131236849673545
0.013795779023671795
0.012864145708184171
0.011524936304466937
0.010001274930680815
0.008480586154147485
0.00687297280989263
0.007793610874428314
0.009273914085899726
0.010827967550616435
0.012299119661891122
0.01347322072204582
0.01413123684967399
0.01413123684967399
0.013473220722046264
0.012299119661888458
0.010827967550617323
0.009273914085897506
0.007793610874428314
0.006118362610432193
0.00697544645361603
0.008335354264900285
0.009810801211088016
0.011284580044863546
0.012576407594945493
0.01347322072204582
0.013795779023674903
0.013473220722046264
0.012576407594948602
0.011284580044860437
0.009810801211088016
0.008335354264900285
0.00697544645361603
0.005351676712077591
0.006115019529155941
0.007307798533520593
0.008630054540558874
0.010001274808517202
0.01128458004485866
0.012299119661886238
0.012864145708183727
0.012864145708183727
0.012299119661886238
0.01128458004486177
0.010001274808518978
0.00863005454055843
0.007307798533520593
0.006115019529155941
0.00462250478276971
0.0052802135571607955
0.006290448697063855
0.007424455036870281
0.008630054540557097
0.009810801211089792
0.010827967550615547
0.011524936304463829
0.011773854798774686
0.011524936304463829
0.010827967550617323
0.009810801211090237
0.008630054540557541
0.007424455036870281
0.006290448697063855
0.0052802135571607955
0.003959961991824912
0.004513452053751532
0.005348081507491109
0.006290448697063855
0.007307798533520593
0.00833535426490073
0.009273914085899282
0.010001274930684811
0.010401071057092537
0.010401071057092537
0.010001274930684367
0.009273914085899726
0.008335354264898509
0.007307798533521925
0.006290448697063855
0.005348081507491109
0.004513452053751532
0.0033766350716604165
0.003835119217808547
0.00451345205375242
0.005280213557158131
0.006115019529158605
0.006975446453622691
0.007793610874429202
0.008480586154146597
0.0089424063906276
0.009105665316698985
0.0089424063906276
0.008480586154145264
0.007793610874337276
0.006975446453622247
0.006115019529159937
0.005280213557158575
0.00451345205375242
0.003835119217808547
0.0038351192178076587
0.004513452053751532
0.004513452053751532
0.005280213557158575
0.005348081507491997
0.005280213557158575
0.006115019529157717
0.00629044869705897
0.006290448697059858
0.006115019529157717
0.00697544645361603
0.007307798533521925
0.0074244550368671725
0.0073077985334379925
0.00697544645361603
0.00779361087442787
0.008335354264899397
0.008630054540554877
0.008630054540554433
0.008335354264898065
0.00779361087442787
0.00848058615414704
0.009273914085898394
0.009810801211092013
0.010001274808516314
0.009810801211092013
0.009273914085898394
0.00848058615414704
0.008942406390621382
0.010001274930683035
0.010827967550613327
0.01128458004485866
0.01128458004485866
0.010827967550618656
0.010001274930679926
0.008942406390620494
0.009105665316693656
0.01040107105714938
0.011524936304471822
0.012299119661891122
0.012576407594946826
0.01229911966188979
0.011524936304415423
0.010401071057149824
0.009105665316692324
0.008942406390623159
0.010401071057086764
0.01177385479877513
0.012864145708183727
0.01347322072204804
0.013473220722047596
0.012864145708182395
0.01177385479877735
0.010401071057152933
0.008942406390626267
0.008480586154150593
0.010001274930680815
0.011524936304466937
0.012864145708187724
0.013795779023672683
0.014131236849673545
0.013795779023671795
0.012864145708184171
0.011524936304466937
0.010001274930680815
0.008480586154147485
0.007793610874428314
0.009273914085899726
0.010827967550616435
0.012299119661891122
0.01347322072204582
0.01413123684967399
0.01413123684967399
0.013473220722046264
0.012299119661888458
0.010827967550617323
0.009273914085897506
0.007793610874428314
0.00697544645361603
0.008335354264900285
0.009810801211088016
0.011284580044863546
0.012576407594945493
0.01347322072204582
0.013795779023674903
0.013473220722046264
0.012576407594948602
0.011284580044860437
0.009810801211088016
0.008335354264900285
0.00697544645361603
0.006115019529155941
0.007307798533520593
0.008630054540558874
0.010001274808517202
0.01128458004485866
0.012299119661886238
0.012864145708183727
0.012864145708183727
0.012299119661886238
0.01128458004486177
0.010001274808518978
0.00863005454055843
0.007307798533520593
0.006115019529155941
0.0052802135571607955
0.006290448697063855
0.007424455036870281
0.008630054540557097
0.009810801211089792
0.010827967550615547
0.011524936304463829
0.011773854798774686
0.011524936304463829
0.010827967550617323
0.009810801211090237
0.008630054540557541
0.007424455036870281
0.006290448697063855
0.0052802135571607955
0.004513452053751532
0.005348081507491109
0.006290448697063855
0.007307798533520593
0.00833535426490073
0.009273914085899282
0.010001274930684811
0.010401071057092537
0.010401071057092537
0.010001274930684367
0.009273914085899726
0.008335354264898509
0.007307798533521925
0.006290448697063855
0.005348081507491109
0.004513452053751532
0.003835119217808547
0.00451345205375242
0.005280213557158131
0.006115019529158605
0.006975446453622691
0.007793610874429202
0.008480586154146597
0.0089424063906276
0.009105665316698985
0.0089424063906276
0.008480586154145264
0.007793610874337276
0.006975446453622247
0.006115019529159937
0.005280213557158575
0.00451345205375242
0.003835119217808547
