0.002691638774178884
0.00324060283881078
0.0032335365991129628
0.003245655576534112
0.0032472475652891575
0.003238540723824457
0.003251993693963229
0.003258213621181394
0.003258157914052706
0.00324480361802415
0.0032595014542637912
0.0032703800029350028
0.003277906049186985
0.003270230871539326
0.003252210057965943
0.0032680162081488717
0.0032835929212260417
0.0032986895759852253
0.0032985957933457932
0.0032833120091142476
0.003260598107244217
0.0032773270106991603
0.0032976468570651285
0.003320290200069742
0.0033277740236483666
0.0033200637557166957
0.0032971950091060798
0.003269757786059646
0.0032871705536239304
0.003312281564996411
0.0033424285092200634
0.003357469768886734
0.0033573365896564233
0.0033420295784538645
0.0033116186999868624
0.0032794270225928734
0.003297226586298052
0.003327177080385102
0.003364759010084928
0.0033873146326284242
0.0033947420791364813
0.003387007797545305
0.003364146720772343
0.003326262095484811
0.0032892871392782297
0.0033071131584145874
0.0033419483017573803
0.0033868638129366246
0.003416860676832556
0.003431805256654652
0.003431630957320575
0.00341633855385437
0.0033859961872795274
0.003340739027954953
0.003298958142853081
0.0033163820533204103
0.0033561396450649816
0.0034082462639735134
0.0034455730765383663
0.00346795634640662
0.003475297855006332
0.0034675653825355646
0.0034447928609235845
0.003407080209392177
0.003354592857264027
0.003307994192230268
0.0033245148370690814
0.0033692202624378
0.003428325206873417
0.0034728234129235425
0.0035025230526972706
0.0035172960429847855
0.003517078659435402
0.003501871837543913
0.003471741169785325
0.003426816590286208
0.003367291761396274
0.003315879715028114
0.0033309202261886384
0.003380580503037578
0.0034464307068473587
0.0034978845783188994
0.003534724581358617
0.003556794893325055
0.0035640021324225835
0.0035563157992481997
0.003533768416479788
0.003496455378001695
0.003444534502163865
0.0033782252929932532
0.0033220267890339272
0.0033349335272330194
0.0033895304536653015
0.0034618021900589824
0.003519928428570296
0.003563668694538613
0.0035928419318320692
0.0036073273349108703
0.003607064905964741
0.0035920557294799593
0.0035623619674947093
0.0035181065762563968
0.0034594727356731525
0.003386703011707848
0.003325774596166564
0.0033358191140919757
0.0033953015678171994
0.003473590205500088
0.0035380275368637193
0.0035883533074900775
0.003624364132619462
0.0036459144114187048
0.0036529169809442763
0.0036453435112884236
0.003623224637621991
0.0035866498157020033
0.003535766920043759
0.0034707815783869833
0.003391956246124206
0.0033263918868127185
0.003332777015023325
0.0033970525611497493
0.003480863165583603
0.003551162609982228
0.003607674403208083
0.0036501761267602184
0.003678500408083707
0.0036925356609303073
0.0036922265773893237
0.0036775743722596843
0.0036486367801704667
0.0036055277973932043
0.0035484171773170203
0.0034775296861666583
0.0033931441129850803
0.0033230834980630952
0.0033249547188205497
0.0033938808050026914
0.003482620499033473
0.0035582372079212554
0.0036204420981613694
0.003668997376268024
0.0037037173097069775
0.003724469022516441
0.003731173069223992
0.003723803778348689
0.0037023893631675797
0.003667011800089881
0.00361780647315868
0.0035549615914098887
0.003478717380033025
0.0033893650560634647
0.0033150020552912274
0.003311465242776812
0.003384840401120748
0.003477813590575529
0.003558101325770835
0.003625406616618143
0.0036794802790387493
0.0037201219718965284
0.003747181031144464
0.003760557104520057
0.0037602005697650043
0.0037461127463536137
0.003718345891048802
0.003677002973847987
0.0036222372475704923
0.0035542516060980134
0.0034732977362863515
0.003379675073189592
0.0033012658738451606
0.003291412176825048
0.003368967853116356
0.003465375548505456
0.0035495850110254246
0.00362129550255208
0.0036802506801030255
0.003726239625788441
0.003759097701308889
0.0037787072171093783
0.003784997911724819
0.003777947240195534
0.0037575804656420075
0.0037239705535290213
0.003677237878642714
0.0036175497303951865
0.0035451196328208923
0.0034602064841955382
0.00336311351283225
0.003280983776364099
0.0026916387741806602
0.0032726467222836675
0.003325697446793452
0.003373436224320958
0.0034156487248329093
0.0034521188345730813
0.003482628533004739
0.003506956328156896
0.003524875368707381
0.003536151367618867
0.0035405405125974454
0.003537787597303499
0.003527624680589536
0.00350977066137359
0.0034839322532276285
0.0034498068607100585
0.003407087926495578
0.0033554732724594416
0.0032946767884252104
0.0026916387741815484
0.0032335365991129628
0.0032472475652891575
0.003238540723824457
0.003258213621181394
0.003258157914052706
0.003244803618023706
0.0032703800029350028
0.003277906049186985
0.003270230871539326
0.003252210057965943
0.0032835929212260417
0.0032986895759852253
0.0032985957933457932
0.0032833120091142476
0.003260598107243773
0.0032976468570651285
0.003320290200069742
0.0033277740236483666
0.0033200637557166957
0.0032971950091060798
0.003269757786059646
0.003312281564996411
0.0033424285092200634
0.003357469768886734
0.0033573365896564233
0.0033420295784538645
0.0033116186999868624
0.0032794270225928734
0.003327177080385102
0.003364759010084928
0.0033873146326284242
0.0033947420791364813
0.003387007797545305
0.003364146720772343
0.003326262095484811
0.0032892871392773415
0.0033419483017573803
0.0033868638129366246
0.003416860676832556
0.003431805256654652
0.003431630957320575
0.00341633855385437
0.0033859961872795274
0.003340739027954953
0.003298958142853081
0.0033561396450649816
0.0034082462639735134
0.0034455730765383663
0.00346795634640662
0.003475297855006332
0.0034675653825355646
0.0034447928609235845
0.003407080209392177
0.003354592857264027
0.00330799419222938
0.0033692202624378
0.003428325206873417
0.0034728234129235425
0.0035025230526972706
0.0035172960429847855
0.003517078659435402
0.003501871837543913
0.003471741169785325
0.003426816590286208
0.003367291761396274
0.0033158797150272257
0.003380580503037578
0.0034464307068473587
0.0034978845783188994
0.003534724581358617
0.003556794893325055
0.0035640021324225835
0.0035563157992481997
0.003533768416479788
0.003496455378001695
0.003444534502163865
0.0033782252929932532
0.003322026789033483
0.0033895304536653015
0.0034618021900589824
0.003519928428570296
0.003563668694538613
0.0035928419318320692
0.0036073273349108703
0.003607064905964741
0.0035920557294799593
0.0035623619674947093
0.0035181065762563968
0.0034594727356731525
0.003386703011707848
0.0033257745961674523
0.0033953015678171994
0.003473590205500088
0.0035380275368637193
0.0035883533074900775
0.003624364132619462
0.0036459144114187048
0.0036529169809442763
0.0036453435112884236
0.003623224637621991
0.0035866498157020033
0.003535766920043759
0.0034707815783869833
0.003391956246124206
0.0033263918868118303
0.0033970525611497493
0.003480863165583603
0.003551162609982228
0.003607674403208083
0.0036501761267602184
0.003678500408083707
0.0036925356609303073
0.0036922265773893237
0.0036775743722596843
0.0036486367801704667
0.0036055277973932043
0.0035484171773170203
0.0034775296861666583
0.0033931441129850803
0.0033230834980630952
0.0033938808050026914
0.003482620499033473
0.0035582372079212554
0.0036204420981613694
0.003668997376268024
0.0037037173097069775
0.003724469022516441
0.003731173069223992
0.003723803778348689
0.0037023893631675797
0.003667011800089881
0.00361780647315868
0.0035549615914098887
0.003478717380033025
0.0033893650560634647
0.0033150020552912274
0.003384840401120748
0.003477813590575529
0.003558101325770835
0.003625406616618143
0.0036794802790387493
0.0037201219718965284
0.003747181031144464
0.003760557104520057
0.0037602005697650043
0.0037461127463536137
0.003718345891048802
0.003677002973847987
0.0036222372475704923
0.0035542516060980134
0.0034732977362863515
0.003379675073189592
0.0033012658738451606
0.003368967853116356
0.003465375548505456
0.0035495850110254246
0.00362129550255208
0.0036802506801030255
0.003726239625788441
0.003759097701308889
0.0037787072171093783
0.003784997911724819
0.003777947240195534
0.0037575804656420075
0.0037239705535290213
0.003677237878642714
0.0036175497303951865
0.0035451196328208923
0.0034602064841955382
0.00336311351283225
0.003280983776364099
0.0032726467222836675
0.003325697446793452
0.003373436224320514
0.0034156487248329093
0.0034521188345726372
0.003482628533004739
0.003506956328156896
0.0035248753687064927
0.003536151367618867
0.0035405405125965572
0.0035377875973026107
0.003527624680589092
0.0035097706613744784
0.0034839322532267403
0.0034498068607100585
0.003407087926495578
0.0033554732724594416
0.0032946767884252104
0.0026916387741815484
0.0032299286519164028
0.0032299286519164028
0.0032349984363140294
0.0032401042240950417
0.0032349984363149176
0.0032413623381688517
0.003251204747049652
0.003251204747049652
0.0032413623381688517
0.0032489062372142996
0.003263541550527549
0.003271178921972151
0.003263541550527993
0.0032489062372142996
0.0032574696139189285
0.003276963404571287
0.003292229925598189
0.003292229925598189
0.0032769634045681784
0.0032574696139189285
0.0032668441730190345
0.0032912677620178243
0.0033141432932395354
0.003321780312571576
0.0033141432932399795
0.0032912677620178243
0.0032668441730203668
0.0032767697467659396
0.003306197689343815
0.0033366437796158444
0.003351901943395408
0.0033519019433949637
0.0033366437796158444
0.0033061976893420386
0.0032767697467663837
0.0032869297036186573
0.0033214367636533737
0.0033593902579127644
0.003382231632854449
0.0033898569884502905
0.003382231632854893
0.003359390257911432
0.0033214367636524855
0.0032869297036186573
0.0032969461440313097
0.0033366035070430122
0.0033819692402090595
0.0034123266480339254
0.003427539494537335
0.003427539494537335
0.0034123266480339254
0.0033819692402090595
0.0033366035070434563
0.0032969461440308656
0.0033063752404189906
0.0033512458367037645
0.0034038882652236424
0.0034416570851782957
0.0034643853737503782
0.003471972651950317
0.0034643853737503782
0.0034416570851782957
0.0034038882652227542
0.003351245836705985
0.0033063752404194346
0.003314703186715562
0.0033648360257703125
0.0034245698610364528
0.0034695988172059877
0.003499727282796794
0.003514824327143451
0.003514824327143451
0.0034997272827950177
0.0034695988172055436
0.0034245698610400055
0.0033648360257663157
0.003314703186715562
0.0033213433868519715
0.003376766836876932
0.0034433468735950434
0.0034954279536498767
0.00353278814816127
0.003555268185079008
0.003562772198620223
0.003555268185078564
0.0035327881481603818
0.0034954279536494326
0.003443346873593711
0.003376766836876488
0.0033213433868515274
0.00332563566228794
0.0033863496587871467
0.0034594601372832656
0.0035183179453568414
0.0035626776021646656
0.003592353994331887
0.003607223235016832
0.0036072232350155
0.0035923539943376603
0.0035626776021633333
0.0035183179453577296
0.003459460137284154
0.0033863496587911435
0.0033256356622888283
0.0033268484443977897
0.003392815677979666
0.0034720596902948486
0.0035373407144669855
0.003588392877052371
0.0036250081314470606
0.0036470371891055287
0.003654390205893421
0.0036470371891010878
0.0036250081314466165
0.0035883928770545914
0.0035373407144665414
0.003472059690295737
0.003392815677979222
0.0033268484443964574
0.0033241849952103664
0.0033953212587283232
0.003480210914575288
0.003551473374067804
0.0036088259351130247
0.003652040916686694
0.0036809466657339307
0.003695428320328986
0.003695428320328986
0.003680946665734375
0.003652040916685806
0.0036088259351161334
0.003551473374068692
0.0034802109145744
0.0033953212587234383
0.0033241849952108105
0.00331679479825997
0.0033929588096892616
0.0034829070631068326
0.003559612241704535
0.003622778730505871
0.003672162901606768
0.0037075741632346393
0.0037288757811766438
0.003735985476099657
0.0037288757811766438
0.0037075741632346393
0.003672162901606768
0.003622778730505871
0.003559612241704535
0.0034829070631068326
0.0033929588096888175
0.00331679479825997
0.003303791169162462
0.0033847743597106295
0.003479089636654553
0.0035605957611184458
0.003628988447905712
0.0036840121415226967
0.0037254610956347634
0.0037531802281627336
0.003767065788634394
0.003767065788634394
0.0037531802281627336
0.0037254610956347634
0.0036840121415218086
0.003628988447905712
0.0035605957611175576
0.00347908963665855
0.0033847743597106295
0.003303791169162462
0.003284275850955254
0.003369792843050501
0.003467677697527094
0.003553237635173012
0.0036261641650212617
0.003686194095704476
0.00373311060487147
0.00376674412177902
0.003786973022001483
0.0037937241303849234
0.003786973022001483
0.0037667441217781317
0.00373311060487147
0.0036861940957066963
0.0036261641650212617
0.0035532376351739003
0.0034676776975257617
0.0033697928430491686
0.003284275850955698
0.0026916387741824366
0.003319655014417222
0.0034223311400607415
0.0035129881998532397
0.003591303462437523
0.0036569978537324133
0.0037098370673147585
0.003749632512385581
0.0037762420662916796
0.0037895706586299482
0.00378957065862906
0.0037762420662916796
0.003749632512385581
0.0037098370673138703
0.0036569978537324133
0.003591303462437523
0.0035129881998514634
0.003422331140058077
0.003319655014417222
0.0026916387741806602
0.0032331113184236315
0.0032440045981902976
0.0032440045981885213
0.0032560839998048152
0.003263635149119537
0.0032560839998065916
0.0032691979087928758
0.0032842899826999172
0.0032842899827008054
0.0032691979087906553
0.0032831436355245103
0.0033057540248777606
0.0033133024199689665
0.0033057540248777606
0.0032831436355249544
0.0032976644756090856
0.003327751872905349
0.003342829960380822
0.003342829960385263
0.0033277518729035727
0.0032976644756099738
0.003312444778478252
0.003349942894724567
0.0033725095855126064
0.0033800431368393724
0.0033725095855143827
0.003349942894719238
0.003312444778474699
0.0033271045881071437
0.003371914991531444
0.0034018997540847806
0.003416925549195593
0.003416925549205807
0.0034018997540878892
0.003371914991527891
0.0033271045881102523
0.0033411943383705456
0.003393178268852104
0.0034304731080729844
0.0034529155542157852
0.0034604073088444487
0.0034529155542166734
0.0034304731080769812
0.0033931782688503276
0.0033411943383687692
0.003354190092653475
0.0034131593270019245
0.0034576097891934054
0.003487350181249571
0.0035022524636678654
0.003502252463661204
0.003487350181253568
0.003457609789191185
0.0034131593270028127
0.0033541900926561397
0.0033654899770052538
0.0034311969424694055
0.0034825923049637275
0.0035194591160401245
0.0035416416851883348
0.0035490463023193364
0.003541641685373964
0.0035194591160396804
0.003482592304965504
0.003431196942467629
0.0033654899770083624
0.0033744126358454807
0.003446540105946916
0.0035046030557599472
0.003548361611995343
0.0035776349013034725
0.0035923018773527104
0.0035923018773522664
0.0035776349013074693
0.003548361611995343
0.0035046030557608354
0.0034465401059442513
0.00337441263585303
0.0033801986958610364
0.0034583495868680814
0.003522725858262188
0.0035730678303340646
0.0036091723084719085
0.003630893499384502
0.003638143660696702
0.003630893499384946
0.0036091723084759053
0.003573067830336285
0.003522725858268849
0.003458349586871634
0.0033801986958623687
0.003382016397467602
0.0034657043467478665
0.003535952993152236
0.0035924863418577146
0.003635082129423317
0.0036635727950038444
0.003677846220085268
0.003677846220079939
0.003663572795002512
0.0036350821294264257
0.003592486341855494
0.0035359529931535683
0.0034657043467478665
0.0033820163974693784
0.0033789726046409285
0.0034676142499372453
0.0035431994036358994
0.0036054396044495896
0.0036540971325371707
0.0036889860290845178
0.003709972890127755
0.003716977443239955
0.0037099728901242024
0.0036889860290831855
0.0036540971325416116
0.0036054396044482573
0.003543199403634123
0.0034676142499376894
0.003378972604638264
0.0033701303742841304
0.0034630403941391386
0.003543325586406798
0.0036106891639144933
0.0036648818912676795
0.0037057031176637167
0.003733001615215059
0.0037466762104476636
0.0037466762104507723
0.0037330016152163914
0.0037057031176637167
0.0036648818912699
0.0036106891639162697
0.003543325586406798
0.003463040394141803
0.0033701303742805777
0.003354534012969257
0.0034509241551390346
0.0035351703788522038
0.003606971933919123
0.003666072258359243
0.0037122600031445074
0.003745369887854011
0.003765283370872119
0.003771929133968399
0.003765283370866346
0.003745369887853567
0.003712260003146728
0.003666072258363684
0.003606971933919567
0.0035351703788468747
0.0034509241551390346
0.0033545340129674805
0.0032689790248809913
0.0033220893765530946
0.0033699381316014687
0.0034123109778367855
0.003448991662152512
0.003479761809404902
0.003504399299890437
0.0035226762984690296
0.0035343570849062367
0.0035391958516997057
0.0035369347094134085
0.003527302215157402
0.003510012807372398
0.00348476765515926
0.0034512574366356574
0.0034091676427046025
0.00335818693561718
0.003298018975375072
0.002691638774178884
0.0032299286519164028
0.0032299286519164028
0.0032349984363149176
0.0032401042240950417
0.0032349984363140294
0.0032413623381688517
0.003251204747049652
0.003251204747049652
0.0032413623381688517
0.0032489062372142996
0.003263541550527549
0.003271178921972151
0.003263541550527993
0.0032489062372142996
0.0032574696139189285
0.003276963404571287
0.003292229925598189
0.003292229925598189
0.0032769634045681784
0.0032574696139189285
0.0032668441730203668
0.0032912677620178243
0.0033141432932395354
0.003321780312571576
0.0033141432932399795
0.0032912677620178243
0.0032668441730190345
0.0032767697467663837
0.003306197689343815
0.0033366437796158444
0.003351901943395408
0.0033519019433949637
0.0033366437796158444
0.0033061976893420386
0.0032767697467659396
0.0032869297036186573
0.0033214367636533737
0.0033593902579127644
0.003382231632854449
0.0033898569884502905
0.003382231632854893
0.003359390257911432
0.0033214367636524855
0.0032869297036186573
0.0032969461440308656
0.0033366035070430122
0.0033819692402090595
0.0034123266480339254
0.003427539494537335
0.003427539494537335
0.0034123266480339254
0.0033819692402090595
0.0033366035070434563
0.0032969461440313097
0.0033063752404198787
0.0033512458367037645
0.0034038882652236424
0.0034416570851782957
0.0034643853737503782
0.003471972651950317
0.0034643853737503782
0.0034416570851782957
0.0034038882652227542
0.003351245836705985
0.0033063752404185465
0.003314703186715562
0.0033648360257703125
0.0034245698610364528
0.0034695988172059877
0.003499727282796794
0.003514824327143451
0.003514824327143451
0.0034997272827950177
0.0034695988172055436
0.0034245698610400055
0.0033648360257663157
0.003314703186715562
0.0033213433868515274
0.003376766836876932
0.0034433468735950434
0.0034954279536498767
0.00353278814816127
0.003555268185079008
0.003562772198620223
0.003555268185078564
0.0035327881481603818
0.0034954279536494326
0.003443346873593711
0.003376766836876488
0.0033213433868519715
0.00332563566228794
0.0033863496587871467
0.0034594601372832656
0.0035183179453568414
0.0035626776021646656
0.003592353994331887
0.003607223235016832
0.0036072232350155
0.0035923539943376603
0.0035626776021633333
0.0035183179453577296
0.003459460137284154
0.0033863496587911435
0.0033256356622888283
0.0033268484443977897
0.003392815677979666
0.0034720596902948486
0.0035373407144669855
0.003588392877052371
0.0036250081314470606
0.0036470371891055287
0.003654390205893421
0.0036470371891010878
0.0036250081314466165
0.0035883928770545914
0.0035373407144665414
0.003472059690295737
0.003392815677979222
0.0033268484443964574
0.0033241849952103664
0.0033953212587283232
0.003480210914575288
0.003551473374067804
0.0036088259351130247
0.003652040916686694
0.0036809466657339307
0.003695428320328986
0.003695428320328986
0.003680946665734375
0.003652040916685806
0.0036088259351161334
0.003551473374068692
0.0034802109145744
0.0033953212587234383
0.0033241849952108105
0.00331679479825997
0.0033929588096892616
0.0034829070631068326
0.003559612241704535
0.003622778730505871
0.003672162901606768
0.0037075741632346393
0.0037288757811766438
0.003735985476099657
0.0037288757811766438
0.0037075741632346393
0.003672162901606768
0.003622778730505871
0.003559612241704535
0.0034829070631068326
0.0033929588096888175
0.00331679479825997
0.003303791169162462
0.0033847743597106295
0.003479089636654553
0.0035605957611184458
0.003628988447905712
0.0036840121415226967
0.0037254610956347634
0.0037531802281627336
0.003767065788634394
0.003767065788634394
0.0037531802281627336
0.0037254610956347634
0.0036840121415218086
0.003628988447905712
0.0035605957611175576
0.00347908963665855
0.0033847743597106295
0.003303791169162462
0.003284275850955254
0.003369792843050501
0.003467677697527094
0.003553237635173012
0.0036261641650212617
0.003686194095704476
0.00373311060487147
0.00376674412177902
0.003786973022001483
0.0037937241303849234
0.003786973022001483
0.0037667441217781317
0.00373311060487147
0.0036861940957066963
0.0036261641650212617
0.0035532376351739003
0.0034676776975257617
0.0033697928430491686
0.003284275850956586
0.0032335365991129628
0.003238540723824457
0.003233111318425408
0.00324480361802415
0.0032440045981889654
0.0032440045981907417
0.003252210057965943
0.0032560839998070357
0.003263635149120425
0.003256083999804371
0.003260598107244217
0.0032691979087924317
0.0032842899827008054
0.0032842899826999172
0.0032691979087910994
0.003269757786059646
0.0032831436355245103
0.00330575402487554
0.0033133024199649697
0.003305754024870211
0.003283143635523622
0.0032794270225928734
0.003297664475611306
0.0033277518729031286
0.0033428299603821543
0.003342829960380822
0.003327751872905349
0.0032976644756095297
0.0032892871392782297
0.003312444778475143
0.00334994289472057
0.003372509585514827
0.0033800431368393724
0.0033725095855126064
0.0033499428947227905
0.003312444778479584
0.003298958142853081
0.003327104588109364
0.0033719149915296676
0.003401899754081672
0.003416925549206251
0.003416925549196481
0.003401899754082116
0.0033719149915305557
0.00332710458810892
0.003307994192230268
0.0033411943383745424
0.0033931782688503276
0.0034304731080769812
0.0034529155542175616
0.0034604073088440046
0.0034529155542157852
0.0034304731080734285
0.0033931782688512158
0.0033411943383740983
0.003315879715028114
0.0033541900926565837
0.0034131593270028127
0.0034576097891925173
0.003487350181064386
0.0035022524636647567
0.003502252463666977
0.003487350181249571
0.0034576097891934054
0.0034131593270019245
0.003354190092652143
0.0033220267890339272
0.00336548997700703
0.003431196942465853
0.0034825923049672802
0.0035194591160396804
0.0035416416853775168
0.0035490463023193364
0.0035416416853766286
0.003519459116036572
0.0034825923049641716
0.0034311969424685174
0.0033654899770052538
0.003325774596166564
0.003374412635841484
0.003446540105942919
0.003504603055759059
0.003548361611994455
0.0035776349013088016
0.0035923018773518223
0.0035923018773522664
0.0035776349013074693
0.0035483616119962313
0.003504603055758171
0.0034465401059464718
0.0033744126358445925
0.0033263918868127185
0.003380198695864145
0.003458349586870302
0.003522725858268405
0.003573067830334953
0.0036091723084759053
0.0036308934993867226
0.003638143660694926
0.003630893499384502
0.0036091723084727967
0.003573067830334953
0.0035227258582608556
0.0034583495868680814
0.00338019869585926
0.0033230834980630952
0.003382016397471599
0.003465704346749643
0.00353595299315268
0.003592486341855494
0.0036350821294215407
0.00366357279500118
0.0036778462200790507
0.003677846220086156
0.0036635727950042885
0.0036350821294255375
0.00359248634185505
0.003535952993153124
0.0034657043467487547
0.0033820163974644935
0.0033150020552912274
0.003378972604638708
0.0034676142499376894
0.0035431994036354553
0.003605439604447813
0.003654097132537615
0.0036889860290822973
0.0037099728901242024
0.003716977443239955
0.003709972890127755
0.003688986029086294
0.003654097132538059
0.003605439604450922
0.0035431994036354553
0.003467614249935913
0.0033789726046413726
0.0033012658738451606
0.003370130374281022
0.003463040394141803
0.003543325586407242
0.0036106891639162697
0.0036648818912667913
0.00370570311766949
0.0037330016152163914
0.0037466762104507723
0.0037466762104476636
0.0037330016152155032
0.003705703117664605
0.0036648818912721204
0.0036106891639162697
0.0035433255864099067
0.003463040394140471
0.0033701303742841304
0.003280983776364099
0.0033545340129674805
0.0034509241551372583
0.003535170378847763
0.003606971933919567
0.0036660722583614636
0.0037122600031489483
0.0037453698878575636
0.0037652833708698985
0.003771929133967067
0.0037652833708703426
0.0037453698878562314
0.003712260003146284
0.0036660722583601313
0.0036069719339213435
0.0035351703788508715
0.003450924155139923
0.003354534012968813
0.0026916387741815484
0.003298018975375072
0.0033581869356154037
0.0034091676427059348
0.0034512574366356574
0.003484767655159704
0.003510012807372842
0.00352730221515829
0.0035369347094125203
0.003539195851701926
0.003534357084903572
0.003522676298469918
0.003504399299885552
0.003479761809404458
0.0034489916621511796
0.0034123109778358973
0.0033699381316001364
0.0033220893765526505
0.0032689790248827677
0.0032335365991129628
0.0032331113184236315
0.003238540723824457
0.0032440045981902976
0.0032440045981885213
0.003244803618023706
0.0032560839998048152
0.003263635149119537
0.0032560839998065916
0.003252210057965943
0.0032691979087928758
0.0032842899826999172
0.0032842899827008054
0.0032691979087906553
0.003260598107243773
0.0032831436355245103
0.0033057540248777606
0.0033133024199689665
0.0033057540248777606
0.0032831436355249544
0.003269757786059646
0.0032976644756090856
0.003327751872905349
0.003342829960380822
0.003342829960385263
0.0033277518729035727
0.0032976644756099738
0.0032794270225928734
0.003312444778478252
0.003349942894724567
0.0033725095855126064
0.0033800431368393724
0.0033725095855143827
0.003349942894719238
0.003312444778474699
0.0032892871392773415
0.0033271045881071437
0.003371914991531444
0.0034018997540847806
0.003416925549195593
0.003416925549205807
0.0034018997540878892
0.003371914991527891
0.0033271045881102523
0.003298958142853081
0.0033411943383705456
0.003393178268852104
0.0034304731080729844
0.0034529155542157852
0.0034604073088444487
0.0034529155542166734
0.0034304731080769812
0.0033931782688503276
0.0033411943383687692
0.00330799419222938
0.003354190092653475
0.0034131593270019245
0.0034576097891934054
0.003487350181249571
0.0035022524636678654
0.003502252463661204
0.003487350181253568
0.003457609789191185
0.0034131593270028127
0.0033541900926561397
0.0033158797150272257
0.0033654899770052538
0.0034311969424694055
0.0034825923049637275
0.0035194591160401245
0.0035416416851883348
0.0035490463023193364
0.003541641685373964
0.0035194591160396804
0.003482592304965504
0.003431196942467629
0.0033654899770083624
0.003322026789033483
0.0033744126358454807
0.003446540105946916
0.0035046030557599472
0.003548361611995343
0.0035776349013034725
0.0035923018773527104
0.0035923018773522664
0.0035776349013074693
0.003548361611995343
0.0035046030557608354
0.0034465401059442513
0.00337441263585303
0.0033257745961674523
0.0033801986958610364
0.0034583495868680814
0.003522725858262188
0.0035730678303340646
0.0036091723084719085
0.003630893499384502
0.003638143660696702
0.003630893499384946
0.0036091723084759053
0.003573067830336285
0.003522725858268849
0.003458349586871634
0.0033801986958623687
0.0033263918868118303
0.003382016397467602
0.0034657043467478665
0.003535952993152236
0.0035924863418577146
0.003635082129423317
0.0036635727950038444
0.003677846220085268
0.003677846220079939
0.003663572795002512
0.0036350821294264257
0.003592486341855494
0.0035359529931535683
0.0034657043467478665
0.0033820163974693784
0.0033230834980630952
0.0033789726046409285
0.0034676142499372453
0.0035431994036358994
0.0036054396044495896
0.0036540971325371707
0.0036889860290845178
0.003709972890127755
0.003716977443239955
0.0037099728901242024
0.0036889860290831855
0.0036540971325416116
0.0036054396044482573
0.003543199403634123
0.0034676142499376894
0.003378972604638264
0.0033150020552912274
0.0033701303742841304
0.0034630403941391386
0.003543325586406798
0.0036106891639144933
0.0036648818912676795
0.0037057031176637167
0.003733001615215059
0.0037466762104476636
0.0037466762104507723
0.0037330016152163914
0.0037057031176637167
0.0036648818912699
0.0036106891639162697
0.003543325586406798
0.003463040394141803
0.0033701303742805777
0.0033012658738451606
0.003354534012969257
0.0034509241551390346
0.0035351703788522038
0.003606971933919123
0.003666072258359243
0.0037122600031445074
0.003745369887854011
0.003765283370872119
0.003771929133968399
0.003765283370866346
0.003745369887853567
0.003712260003146728
0.003666072258363684
0.003606971933919567
0.0035351703788468747
0.0034509241551390346
0.0033545340129674805
0.003280983776364099
0.0032689790248809913
0.0033220893765530946
0.0033699381316014687
0.0034123109778367855
0.003448991662152512
0.003479761809404902
0.003504399299890437
0.0035226762984690296
0.0035343570849062367
0.0035391958516997057
0.0035369347094134085
0.003527302215157402
0.003510012807372398
0.00348476765515926
0.0034512574366356574
0.0034091676427046025
0.00335818693561718
0.003298018975375072
0.0026916387741815484
0.00324060283881078
0.003245655576534112
0.0032472475652891575
0.003251993693963229
0.003258213621181394
0.003258157914052706
0.0032595014542637912
0.0032703800029350028
0.003277906049186985
0.003270230871539326
0.0032680162081488717
0.0032835929212260417
0.0032986895759852253
0.0032985957933457932
0.0032833120091142476
0.0032773270106991603
0.0032976468570651285
0.003320290200069742
0.0033277740236483666
0.0033200637557166957
0.0032971950091060798
0.0032871705536239304
0.003312281564996411
0.0033424285092200634
0.003357469768886734
0.0033573365896564233
0.0033420295784538645
0.0033116186999868624
0.003297226586298052
0.003327177080385102
0.003364759010084928
0.0033873146326284242
0.0033947420791364813
0.003387007797545305
0.003364146720772343
0.003326262095484811
0.0033071131584145874
0.0033419483017573803
0.0033868638129366246
0.003416860676832556
0.003431805256654652
0.003431630957320575
0.00341633855385437
0.0033859961872795274
0.003340739027954953
0.0033163820533204103
0.0033561396450649816
0.0034082462639735134
0.0034455730765383663
0.00346795634640662
0.003475297855006332
0.0034675653825355646
0.0034447928609235845
0.003407080209392177
0.003354592857264027
0.0033245148370690814
0.0033692202624378
0.003428325206873417
0.0034728234129235425
0.0035025230526972706
0.0035172960429847855
0.003517078659435402
0.003501871837543913
0.003471741169785325
0.003426816590286208
0.003367291761396274
0.0033309202261886384
0.003380580503037578
0.0034464307068473587
0.0034978845783188994
0.003534724581358617
0.003556794893325055
0.0035640021324225835
0.0035563157992481997
0.003533768416479788
0.003496455378001695
0.003444534502163865
0.0033782252929932532
0.0033349335272330194
0.0033895304536653015
0.0034618021900589824
0.003519928428570296
0.003563668694538613
0.0035928419318320692
0.0036073273349108703
0.003607064905964741
0.0035920557294799593
0.0035623619674947093
0.0035181065762563968
0.0034594727356731525
0.003386703011707848
0.0033358191140919757
0.0033953015678171994
0.003473590205500088
0.0035380275368637193
0.0035883533074900775
0.003624364132619462
0.0036459144114187048
0.0036529169809442763
0.0036453435112884236
0.003623224637621991
0.0035866498157020033
0.003535766920043759
0.0034707815783869833
0.003391956246124206
0.003332777015023325
0.0033970525611497493
0.003480863165583603
0.003551162609982228
0.003607674403208083
0.0036501761267602184
0.003678500408083707
0.0036925356609303073
0.0036922265773893237
0.0036775743722596843
0.0036486367801704667
0.0036055277973932043
0.0035484171773170203
0.0034775296861666583
0.0033931441129850803
0.0033249547188205497
0.0033938808050026914
0.003482620499033473
0.0035582372079212554
0.0036204420981613694
0.003668997376268024
0.0037037173097069775
0.003724469022516441
0.003731173069223992
0.003723803778348689
0.0037023893631675797
0.003667011800089881
0.00361780647315868
0.0035549615914098887
0.003478717380033025
0.0033893650560634647
0.003311465242776812
0.003384840401120748
0.003477813590575529
0.003558101325770835
0.003625406616618143
0.0036794802790387493
0.0037201219718965284
0.003747181031144464
0.003760557104520057
0.0037602005697650043
0.0037461127463536137
0.003718345891048802
0.003677002973847987
0.0036222372475704923
0.0035542516060980134
0.0034732977362863515
0.003379675073189592
0.003291412176825048
0.003368967853116356
0.003465375548505456
0.0035495850110254246
0.00362129550255208
0.0036802506801030255
0.003726239625788441
0.003759097701308889
0.0037787072171093783
0.003784997911724819
0.003777947240195534
0.0037575804656420075
0.0037239705535290213
0.003677237878642714
0.0036175497303951865
0.0035451196328208923
0.0034602064841955382
0.00336311351283225
0.0026916387741806602
0.0032726467222836675
0.003325697446793452
0.003373436224320514
0.0034156487248329093
0.0034521188345726372
0.003482628533004739
0.003506956328156896
0.0035248753687064927
0.003536151367618867
0.0035405405125965572
0.0035377875973026107
0.003527624680589092
0.0035097706613744784
0.0034839322532267403
0.0034498068607100585
0.003407087926495578
0.0033554732724594416
0.0032946767884252104
0.0032472475652891575
0.003258213621181394
0.003258157914052706
0.0032703800029350028
0.003277906049186985
0.003270230871539326
0.0032835929212260417
0.0032986895759852253
0.0032985957933457932
0.0032833120091142476
0.0032976468570651285
0.003320290200069742
0.0033277740236483666
0.0033200637557166957
0.0032971950091060798
0.003312281564996411
0.0033424285092200634
0.003357469768886734
0.0033573365896564233
0.0033420295784538645
0.0033116186999868624
0.003327177080385102
0.003364759010084928
0.0033873146326284242
0.0033947420791364813
0.003387007797545305
0.003364146720772343
0.003326262095484811
0.0033419483017573803
0.0033868638129366246
0.003416860676832556
0.003431805256654652
0.003431630957320575
0.00341633855385437
0.0033859961872795274
0.003340739027954953
0.0033561396450649816
0.0034082462639735134
0.0034455730765383663
0.00346795634640662
0.003475297855006332
0.0034675653825355646
0.0034447928609235845
0.003407080209392177
0.003354592857264027
0.0033692202624378
0.003428325206873417
0.0034728234129235425
0.0035025230526972706
0.0035172960429847855
0.003517078659435402
0.003501871837543913
0.003471741169785325
0.003426816590286208
0.003367291761396274
0.003380580503037578
0.0034464307068473587
0.0034978845783188994
0.003534724581358617
0.003556794893325055
0.0035640021324225835
0.0035563157992481997
0.003533768416479788
0.003496455378001695
0.003444534502163865
0.0033782252929932532
0.0033895304536653015
0.0034618021900589824
0.003519928428570296
0.003563668694538613
0.0035928419318320692
0.0036073273349108703
0.003607064905964741
0.0035920557294799593
0.0035623619674947093
0.0035181065762563968
0.0034594727356731525
0.003386703011707848
0.0033953015678171994
0.003473590205500088
0.0035380275368637193
0.0035883533074900775
0.003624364132619462
0.0036459144114187048
0.0036529169809442763
0.0036453435112884236
0.003623224637621991
0.0035866498157020033
0.003535766920043759
0.0034707815783869833
0.003391956246124206
0.0033970525611497493
0.003480863165583603
0.003551162609982228
0.003607674403208083
0.0036501761267602184
0.003678500408083707
0.0036925356609303073
0.0036922265773893237
0.0036775743722596843
0.0036486367801704667
0.0036055277973932043
0.0035484171773170203
0.0034775296861666583
0.0033931441129850803
0.0033938808050026914
0.003482620499033473
0.0035582372079212554
0.0036204420981613694
0.003668997376268024
0.0037037173097069775
0.003724469022516441
0.003731173069223992
0.003723803778348689
0.0037023893631675797
0.003667011800089881
0.00361780647315868
0.0035549615914098887
0.003478717380033025
0.0033893650560634647
0.003384840401120748
0.003477813590575529
0.003558101325770835
0.003625406616618143
0.0036794802790387493
0.0037201219718965284
0.003747181031144464
0.003760557104520057
0.0037602005697650043
0.0037461127463536137
0.003718345891048802
0.003677002973847987
0.0036222372475704923
0.0035542516060980134
0.0034732977362863515
0.003379675073189592
0.003368967853116356
0.003465375548505456
0.0035495850110254246
0.00362129550255208
0.0036802506801030255
0.003726239625788441
0.003759097701308889
0.0037787072171093783
0.003784997911724819
0.003777947240195534
0.0037575804656420075
0.0037239705535290213
0.003677237878642714
0.0036175497303951865
0.0035451196328208923
0.0034602064841955382
0.00336311351283225
0.0032726467222836675
0.003325697446793452
0.003373436224320514
0.0034156487248329093
0.0034521188345726372
0.003482628533004739
0.003506956328156896
0.0035248753687064927
0.003536151367618867
0.0035405405125965572
0.0035377875973026107
0.003527624680589092
0.0035097706613744784
0.0034839322532267403
0.0034498068607100585
0.003407087926495578
0.0033554732724594416
0.0032946767884252104
0.0032725869720744427
0.003280128926614445
0.003325631663854356
0.0032472475652900457
0.003333993358297427
0.003373379411454547
0.003258157914051818
0.0032582136211805057
0.003382490946906458
0.003415614798588873
0.003270230871539326
0.003277906049182544
0.0032703800029341146
0.003425402458349769
0.0034521201554786884
0.0032833120091178003
0.0032985957933466814
0.003298689575984337
0.003283592921222489
0.0034625070309397543
0.0034826754224455136
0.003297195009102971
0.0033200637557162516
0.0033277740236474784
0.0033202902000675216
0.003297646857067793
0.0034935820390069594
0.0035070565757235883
0.0033116186999873065
0.0033420295784529763
0.003357336589655091
0.00335746976888629
0.0033424285092200634
0.0033122815649981874
0.0035184015330052
0.0035250337341321547
0.003326262095484367
0.003364146720771899
0.003387007797549302
0.0033947420791378136
0.0033873146326297565
0.0033647590100831515
0.0033271770803873224
0.003536734326296642
0.0035363690837284523
0.0033407390279558413
0.0033859961872790834
0.00341633855385437
0.003431630957320131
0.003431805256653764
0.003416860676837441
0.0033868638129348483
0.003341948301760489
0.0035483419085218237
0.0035408148035114273
0.003354592857263139
0.0034070802093908448
0.003444792860925361
0.0034675653825346764
0.00347529785500722
0.0034679563464052876
0.0034455730765405868
0.003408246263966852
0.003356139645067202
0.003552976355973847
0.003538111237729513
0.0033672917613949416
0.00342681659028532
0.003471741169785325
0.0035018718375408042
0.00351707865943629
0.0035172960429799005
0.0035025230527003792
0.0034728234129248747
0.003428325206872973
0.0033692202624355794
0.0035503784516794923
0.003527985617337581
0.0033782252929901446
0.0034445345021669738
0.003496455378001695
0.003533768416475791
0.0035563157992561933
0.0035640021324239157
0.0035567948933237226
0.0035347245813572847
0.0034978845783180113
0.0034464307068473587
0.003380580503037578
0.0035402763692871098
0.0035101517412488015
0.003386703011707848
0.003459472735676705
0.0035181065762586172
0.00356236196749693
0.003592055729479071
0.0036070649059634086
0.003607327334904653
0.003592841931831181
0.003563668694538169
0.0035199284285720722
0.0034618021900603146
0.0033895304536648574
0.0035223852972730008
0.003484311097566195
0.003391956246125094
0.0034707815783869833
0.0035357669200455355
0.003586649815701559
0.0036232246376242117
0.003645343511286203
0.003652916980943388
0.003645914411420037
0.0036243641326216824
0.0035883533074962948
0.0035380275368650516
0.0034735902055027523
0.003395301567810538
0.0034964084839117504
0.003450155939491051
0.0033931441129846363
0.0034775296861666583
0.0035484171773174644
0.00360552779739276
0.003648636780166914
0.003677574372257908
0.0036922265773888796
0.0036925356609303073
0.0036785004080819306
0.0036501761267606625
0.0036076744032103036
0.00355116260998134
0.003480863165583603
0.003397052561149305
0.003462040238730424
0.003407374899737192
0.0033893650560621325
0.003478717380033025
0.003554961591415662
0.003617806473157792
0.0036670118000929897
0.0037023893631698
0.003723803778349133
0.0037311730692231038
0.003724469022516441
0.0037037173097074216
0.003668997376268468
0.0036204420981618135
0.0035582372079208113
0.003482620499033029
0.0033938808050035796
0.0034189714593364506
0.0033556616400947092
0.0033796750731882597
0.003473297736293457
0.0035542516060949048
0.0036222372475673836
0.0036770029738439902
0.0037183458910550193
0.0037461127463540578
0.003760200569763672
0.003760557104524498
0.0037471810311462406
0.0037201219718983047
0.0036794802790436343
0.0036254066166203636
0.003558101325770835
0.003477813590574197
0.0033848404011203037
0.0033668981914174445
0.003294726900787026
0.00336311351283225
0.0034602064841964264
0.0035451196328226686
0.003617549730397407
0.00367723787864227
0.0037239705535343504
0.003757580465644672
0.003777947240195978
0.003784997911724375
0.0037787072171098224
0.003759097701308445
0.0037262396257848884
0.0036802506801039137
0.0036212955025445304
0.0035495850110258687
0.003465375548506344
0.003368967853117244
0.0033055335956215792
0.0026916387741815484
0.003308419912846361
0.0034098690387112107
0.003499460770942431
0.003576879302137126
0.0036418514639824373
0.0036941478064593802
0.003733583508902516
0.003760019120002678
0.0037733611238781606
0.0037735623084906855
0.0037606219635599736
0.003734585881288055
0.0036955461693901626
0.0036436408828062206
0.0035790534654562833
0.003502012017747802
0.0034127883870289644
0.0033116970952460356
0.0032299286519164028
0.0032349984363149176
0.0032331113184236315
0.0032413623381688517
0.0032440045981902976
0.0032440045981885213
0.0032489062372142996
0.0032560839998048152
0.003263635149119537
0.0032560839998065916
0.0032574696139189285
0.0032691979087928758
0.0032842899826999172
0.0032842899827008054
0.0032691979087906553
0.0032668441730203668
0.0032831436355245103
0.0033057540248777606
0.0033133024199689665
0.0033057540248777606
0.0032831436355249544
0.0032767697467663837
0.0032976644756090856
0.003327751872905349
0.003342829960380822
0.003342829960385263
0.0033277518729035727
0.0032976644756099738
0.0032869297036186573
0.003312444778478252
0.003349942894724567
0.0033725095855126064
0.0033800431368393724
0.0033725095855143827
0.003349942894719238
0.003312444778474699
0.0032969461440308656
0.0033271045881071437
0.003371914991531444
0.0034018997540847806
0.003416925549195593
0.003416925549205807
0.0034018997540878892
0.003371914991527891
0.0033271045881102523
0.0033063752404198787
0.0033411943383705456
0.003393178268852104
0.0034304731080729844
0.0034529155542157852
0.0034604073088444487
0.0034529155542166734
0.0034304731080769812
0.0033931782688503276
0.0033411943383687692
0.003314703186715562
0.003354190092653475
0.0034131593270019245
0.0034576097891934054
0.003487350181249571
0.0035022524636678654
0.003502252463661204
0.003487350181253568
0.003457609789191185
0.0034131593270028127
0.0033541900926561397
0.0033213433868515274
0.0033654899770052538
0.0034311969424694055
0.0034825923049637275
0.0035194591160401245
0.0035416416851883348
0.0035490463023193364
0.003541641685373964
0.0035194591160396804
0.003482592304965504
0.003431196942467629
0.0033654899770083624
0.00332563566228794
0.0033744126358454807
0.003446540105946916
0.0035046030557599472
0.003548361611995343
0.0035776349013034725
0.0035923018773527104
0.0035923018773522664
0.0035776349013074693
0.003548361611995343
0.0035046030557608354
0.0034465401059442513
0.00337441263585303
0.0033268484443977897
0.0033801986958610364
0.0034583495868680814
0.003522725858262188
0.0035730678303340646
0.0036091723084719085
0.003630893499384502
0.003638143660696702
0.003630893499384946
0.0036091723084759053
0.003573067830336285
0.003522725858268849
0.003458349586871634
0.0033801986958623687
0.0033241849952103664
0.003382016397467602
0.0034657043467478665
0.003535952993152236
0.0035924863418577146
0.003635082129423317
0.0036635727950038444
0.003677846220085268
0.003677846220079939
0.003663572795002512
0.0036350821294264257
0.003592486341855494
0.0035359529931535683
0.0034657043467478665
0.0033820163974693784
0.00331679479825997
0.0033789726046409285
0.0034676142499372453
0.0035431994036358994
0.0036054396044495896
0.0036540971325371707
0.0036889860290845178
0.003709972890127755
0.003716977443239955
0.0037099728901242024
0.0036889860290831855
0.0036540971325416116
0.0036054396044482573
0.003543199403634123
0.0034676142499376894
0.003378972604638264
0.003303791169162462
0.0033701303742841304
0.0034630403941391386
0.003543325586406798
0.0036106891639144933
0.0036648818912676795
0.0037057031176637167
0.003733001615215059
0.0037466762104476636
0.0037466762104507723
0.0037330016152163914
0.0037057031176637167
0.0036648818912699
0.0036106891639162697
0.003543325586406798
0.003463040394141803
0.0033701303742805777
0.003284275850955254
0.003354534012969257
0.0034509241551390346
0.0035351703788522038
0.003606971933919123
0.003666072258359243
0.0037122600031445074
0.003745369887854011
0.003765283370872119
0.003771929133968399
0.003765283370866346
0.003745369887853567
0.003712260003146728
0.003666072258363684
0.003606971933919567
0.0035351703788468747
0.0034509241551390346
0.0033545340129674805
0.0032299286519164028
0.0032401042240950417
0.0032349984363149176
0.003251204747049652
0.003251204747049652
0.0032413623381688517
0.003263541550527549
0.003271178921972151
0.003263541550527993
0.0032489062372142996
0.003276963404571287
0.003292229925598189
0.003292229925598189
0.0032769634045681784
0.0032574696139189285
0.0032912677620178243
0.0033141432932395354
0.003321780312571576
0.0033141432932399795
0.0032912677620178243
0.0032668441730203668
0.003306197689343815
0.0033366437796158444
0.003351901943395408
0.0033519019433949637
0.0033366437796158444
0.0033061976893420386
0.0032767697467663837
0.0033214367636533737
0.0033593902579127644
0.003382231632854449
0.0033898569884502905
0.003382231632854893
0.003359390257911432
0.0033214367636524855
0.0032869297036186573
0.0033366035070430122
0.0033819692402090595
0.0034123266480339254
0.003427539494537335
0.003427539494537335
0.0034123266480339254
0.0033819692402090595
0.0033366035070434563
0.0032969461440308656
0.0033512458367037645
0.0034038882652236424
0.0034416570851782957
0.0034643853737503782
0.003471972651950317
0.0034643853737503782
0.0034416570851782957
0.0034038882652227542
0.003351245836705985
0.0033063752404194346
0.0033648360257703125
0.0034245698610364528
0.0034695988172059877
0.003499727282796794
0.003514824327143451
0.003514824327143451
0.0034997272827950177
0.0034695988172055436
0.0034245698610400055
0.0033648360257663157
0.003314703186715562
0.003376766836876932
0.0034433468735950434
0.0034954279536498767
0.00353278814816127
0.003555268185079008
0.003562772198620223
0.003555268185078564
0.0035327881481603818
0.0034954279536494326
0.003443346873593711
0.003376766836876488
0.0033213433868515274
0.0033863496587871467
0.0034594601372832656
0.0035183179453568414
0.0035626776021646656
0.003592353994331887
0.003607223235016832
0.0036072232350155
0.0035923539943376603
0.0035626776021633333
0.0035183179453577296
0.003459460137284154
0.0033863496587911435
0.0033256356622888283
0.003392815677979666
0.0034720596902948486
0.0035373407144669855
0.003588392877052371
0.0036250081314470606
0.0036470371891055287
0.003654390205893421
0.0036470371891010878
0.0036250081314466165
0.0035883928770545914
0.0035373407144665414
0.003472059690295737
0.003392815677979222
0.0033268484443964574
0.0033953212587283232
0.003480210914575288
0.003551473374067804
0.0036088259351130247
0.003652040916686694
0.0036809466657339307
0.003695428320328986
0.003695428320328986
0.003680946665734375
0.003652040916685806
0.0036088259351161334
0.003551473374068692
0.0034802109145744
0.0033953212587234383
0.0033241849952108105
0.0033929588096892616
0.0034829070631068326
0.003559612241704535
0.003622778730505871
0.003672162901606768
0.0037075741632346393
0.0037288757811766438
0.003735985476099657
0.0037288757811766438
0.0037075741632346393
0.003672162901606768
0.003622778730505871
0.003559612241704535
0.0034829070631068326
0.0033929588096888175
0.00331679479825997
0.0033847743597106295
0.003479089636654553
0.0035605957611184458
0.003628988447905712
0.0036840121415226967
0.0037254610956347634
0.0037531802281627336
0.003767065788634394
0.003767065788634394
0.0037531802281627336
0.0037254610956347634
0.0036840121415218086
0.003628988447905712
0.0035605957611175576
0.00347908963665855
0.0033847743597106295
0.003303791169162462
0.003369792843050501
0.003467677697527094
0.003553237635173012
0.0036261641650212617
0.003686194095704476
0.00373311060487147
0.00376674412177902
0.003786973022001483
0.0037937241303849234
0.003786973022001483
0.0037667441217781317
0.00373311060487147
0.0036861940957066963
0.0036261641650212617
0.0035532376351739003
0.0034676776975257617
0.0033697928430491686
0.003284275850955698
0.003319655014417222
0.0034223311400607415
0.0035129881998532397
0.003591303462437523
0.0036569978537324133
0.0037098370673147585
0.003749632512385581
0.0037762420662916796
0.0037895706586299482
0.00378957065862906
0.0037762420662916796
0.003749632512385581
0.0037098370673138703
0.0036569978537324133
0.003591303462437523
0.0035129881998514634
0.003422331140058077
0.003319655014417222
0.0026916387741824366
0.0032331113184236315
0.0032440045981902976
0.0032440045981885213
0.0032560839998048152
0.003263635149119537
0.0032560839998065916
0.0032691979087928758
0.0032842899826999172
0.0032842899827008054
0.0032691979087906553
0.0032831436355245103
0.0033057540248777606
0.0033133024199689665
0.0033057540248777606
0.0032831436355249544
0.0032976644756090856
0.003327751872905349
0.003342829960380822
0.003342829960385263
0.0033277518729035727
0.0032976644756099738
0.003312444778478252
0.003349942894724567
0.0033725095855126064
0.0033800431368393724
0.0033725095855143827
0.003349942894719238
0.003312444778474699
0.0033271045881071437
0.003371914991531444
0.0034018997540847806
0.003416925549195593
0.003416925549205807
0.0034018997540878892
0.003371914991527891
0.0033271045881102523
0.0033411943383705456
0.003393178268852104
0.0034304731080729844
0.0034529155542157852
0.0034604073088444487
0.0034529155542166734
0.0034304731080769812
0.0033931782688503276
0.0033411943383687692
0.003354190092653475
0.0034131593270019245
0.0034576097891934054
0.003487350181249571
0.0035022524636678654
0.003502252463661204
0.003487350181253568
0.003457609789191185
0.0034131593270028127
0.0033541900926561397
0.0033654899770052538
0.0034311969424694055
0.0034825923049637275
0.0035194591160401245
0.0035416416851883348
0.0035490463023193364
0.003541641685373964
0.0035194591160396804
0.003482592304965504
0.003431196942467629
0.0033654899770083624
0.0033744126358454807
0.003446540105946916
0.0035046030557599472
0.003548361611995343
0.0035776349013034725
0.0035923018773527104
0.0035923018773522664
0.0035776349013074693
0.003548361611995343
0.0035046030557608354
0.0034465401059442513
0.00337441263585303
0.0033801986958610364
0.0034583495868680814
0.003522725858262188
0.0035730678303340646
0.0036091723084719085
0.003630893499384502
0.003638143660696702
0.003630893499384946
0.0036091723084759053
0.003573067830336285
0.003522725858268849
0.003458349586871634
0.0033801986958623687
0.003382016397467602
0.0034657043467478665
0.003535952993152236
0.0035924863418577146
0.003635082129423317
0.0036635727950038444
0.003677846220085268
0.003677846220079939
0.003663572795002512
0.0036350821294264257
0.003592486341855494
0.0035359529931535683
0.0034657043467478665
0.0033820163974693784
0.0033789726046409285
0.0034676142499372453
0.0035431994036358994
0.0036054396044495896
0.0036540971325371707
0.0036889860290845178
0.003709972890127755
0.003716977443239955
0.0037099728901242024
0.0036889860290831855
0.0036540971325416116
0.0036054396044482573
0.003543199403634123
0.0034676142499376894
0.003378972604638264
0.0033701303742841304
0.0034630403941391386
0.003543325586406798
0.0036106891639144933
0.0036648818912676795
0.0037057031176637167
0.003733001615215059
0.0037466762104476636
0.0037466762104507723
0.0037330016152163914
0.0037057031176637167
0.0036648818912699
0.0036106891639162697
0.003543325586406798
0.003463040394141803
0.0033701303742805777
0.003354534012969257
0.0034509241551390346
0.0035351703788522038
0.003606971933919123
0.003666072258359243
0.0037122600031445074
0.003745369887854011
0.003765283370872119
0.003771929133968399
0.003765283370866346
0.003745369887853567
0.003712260003146728
0.003666072258363684
0.003606971933919567
0.0035351703788468747
0.0034509241551390346
0.0033545340129674805
0.0032689790248809913
0.0033220893765530946
0.0033699381316014687
0.0034123109778367855
0.003448991662152512
0.003479761809404902
0.003504399299890437
0.0035226762984690296
0.0035343570849062367
0.0035391958516997057
0.0035369347094134085
0.003527302215157402
0.003510012807372398
0.00348476765515926
0.0034512574366356574
0.0034091676427046025
0.00335818693561718
0.003298018975375072
0.0032689790248809913
0.0032401042240950417
0.0033220893765530946
0.0032512047470474315
0.0032512047470474315
0.0033699381316014687
0.003263541550528437
0.0032711789219739273
0.003263541550528881
0.0034123109778363414
0.003276963404570843
0.0032922299255990772
0.0032922299255995213
0.0032769634045677343
0.003448991662152512
0.0032912677620196007
0.0033141432932408676
0.003321780312571576
0.003314143293243088
0.003291267762020933
0.003479761809405346
0.003306197689342927
0.00333664377961318
0.0033519019433949637
0.0033519019433940755
0.00333664377961318
0.0033061976893415945
0.003504399299890437
0.0033214367636511533
0.0033593902579189816
0.003382231632854449
0.0033898569884507346
0.0033822316328526725
0.003359390257916761
0.003321436763649821
0.0035226762984690296
0.0033366035070430122
0.003381969240210836
0.003412326648037478
0.003427539494536447
0.003427539494538223
0.003412326648036146
0.003381969240210392
0.003336603507042568
0.0035343570849062367
0.0033512458367024323
0.00340388826522231
0.0034416570851871775
0.0034643853737517105
0.003471972651950317
0.0034643853737517105
0.0034416570851862893
0.0034038882652231983
0.0033512458367046527
0.0035391958516992617
0.0033648360257707566
0.0034245698610360087
0.0034695988172095404
0.003499727282795906
0.003514824327143451
0.003514824327143451
0.003499727282795906
0.0034695988172104286
0.0034245698610391173
0.0033648360257689802
0.0035369347094125203
0.0033767668368778203
0.0034433468735954875
0.0034954279536503208
0.0035327881481546086
0.003555268185079452
0.003562772198620223
0.0035552681850776757
0.0035327881481581613
0.0034954279536498767
0.003443346873593711
0.0033767668368787085
0.0035273022151569577
0.0033863496587875908
0.003459460137285042
0.003518317945359062
0.003562677602171327
0.0035923539943287786
0.003607223235017276
0.003607223235015944
0.0035923539943278904
0.0035626776021699946
0.0035183179453586177
0.003459460137285486
0.0033863496587920316
0.003510012807372842
0.0033928156779827745
0.003472059690290852
0.0035373407144665414
0.003588392877052371
0.0036250081314457283
0.003647037189106861
0.0036543902058929767
0.0036470371891010878
0.0036250081314457283
0.003588392877052371
0.0035373407144656532
0.003472059690296625
0.0033928156779814422
0.00348476765515926
0.003395321258727879
0.003480210914575288
0.003551473374068692
0.0036088259351108043
0.0036520409166835854
0.003680946665735263
0.0036954283203307625
0.0036954283203307625
0.003680946665734819
0.0036520409166849177
0.0036088259351156893
0.003551473374068248
0.0034802109145735116
0.003395321258727435
0.0034512574366356574
0.003392958809687041
0.0034829070631063885
0.0035596122417076437
0.0036227787305129766
0.003672162901606768
0.0037075741632346393
0.0037288757811753115
0.003735985476099657
0.0037288757811753115
0.0037075741632346393
0.003672162901605436
0.0036227787305125325
0.0035596122417076437
0.0034829070631059444
0.003392958809687041
0.0034091676427050466
0.003384774359708853
0.0034790896366554414
0.0035605957611166694
0.0036289884478972745
0.0036840121415226967
0.0037254610956347634
0.003753180228160957
0.003767065788634394
0.003767065788634394
0.003753180228160957
0.0037254610956343193
0.0036840121415222526
0.0036289884478972745
0.0035605957611157812
0.003479089636658994
0.0033847743597115176
0.003358186935616292
0.003369792843050501
0.00346767769752665
0.0035532376351707917
0.003626164165022594
0.0036861940957040318
0.00373311060487147
0.0037667441217776876
0.003786973022001483
0.0037937241303849234
0.003786973022001483
0.0037667441217781317
0.0037331106048719143
0.0036861940957062522
0.003626164165022594
0.0035532376351739003
0.0034676776975244294
0.0033697928430576063
0.003298018975375072
0.0033196550144181103
0.0034223311400607415
0.0035129881998514634
0.003591303462437523
0.003656997853731525
0.0037098370673147585
0.003749632512385581
0.0037762420662916796
0.0037895706586299482
0.00378957065862906
0.0037762420662916796
0.003749632512385581
0.0037098370673138703
0.003656997853731525
0.003591303462437523
0.0035129881998523516
0.003422331140058077
0.0033196550144181103
0.0032689790248809913
0.0032401042240950417
0.0033220893765530946
0.0032512047470474315
0.0032512047470474315
0.0033699381316014687
0.003263541550528437
0.0032711789219739273
0.003263541550528881
0.0034123109778363414
0.003276963404570843
0.0032922299255990772
0.0032922299255995213
0.0032769634045677343
0.003448991662152512
0.0032912677620196007
0.0033141432932408676
0.003321780312571576
0.003314143293243088
0.003291267762020933
0.003479761809405346
0.003306197689342927
0.00333664377961318
0.0033519019433949637
0.0033519019433940755
0.00333664377961318
0.0033061976893415945
0.003504399299890437
0.0033214367636511533
0.0033593902579189816
0.003382231632854449
0.0033898569884507346
0.0033822316328526725
0.003359390257916761
0.003321436763649821
0.0035226762984690296
0.0033366035070430122
0.003381969240210836
0.003412326648037478
0.003427539494536447
0.003427539494538223
0.003412326648036146
0.003381969240210392
0.003336603507042568
0.0035343570849062367
0.0033512458367024323
0.00340388826522231
0.0034416570851871775
0.0034643853737517105
0.003471972651950317
0.0034643853737517105
0.0034416570851862893
0.0034038882652231983
0.0033512458367046527
0.0035391958516992617
0.0033648360257707566
0.0034245698610360087
0.0034695988172095404
0.003499727282795906
0.003514824327143451
0.003514824327143451
0.003499727282795906
0.0034695988172104286
0.0034245698610391173
0.0033648360257689802
0.0035369347094125203
0.0033767668368778203
0.0034433468735954875
0.0034954279536503208
0.0035327881481546086
0.003555268185079452
0.003562772198620223
0.0035552681850776757
0.0035327881481581613
0.0034954279536498767
0.003443346873593711
0.0033767668368787085
0.0035273022151569577
0.0033863496587875908
0.003459460137285042
0.003518317945359062
0.003562677602171327
0.0035923539943287786
0.003607223235017276
0.003607223235015944
0.0035923539943278904
0.0035626776021699946
0.0035183179453586177
0.003459460137285486
0.0033863496587920316
0.003510012807372842
0.0033928156779827745
0.003472059690290852
0.0035373407144665414
0.003588392877052371
0.0036250081314457283
0.003647037189106861
0.0036543902058929767
0.0036470371891010878
0.0036250081314457283
0.003588392877052371
0.0035373407144656532
0.003472059690296625
0.0033928156779814422
0.00348476765515926
0.003395321258727879
0.003480210914575288
0.003551473374068692
0.0036088259351108043
0.0036520409166835854
0.003680946665735263
0.0036954283203307625
0.0036954283203307625
0.003680946665734819
0.0036520409166849177
0.0036088259351156893
0.003551473374068248
0.0034802109145735116
0.003395321258727435
0.0034512574366356574
0.003392958809687041
0.0034829070631063885
0.0035596122417076437
0.0036227787305129766
0.003672162901606768
0.0037075741632346393
0.0037288757811753115
0.003735985476099657
0.0037288757811753115
0.0037075741632346393
0.003672162901605436
0.0036227787305125325
0.0035596122417076437
0.0034829070631059444
0.003392958809687041
0.0034091676427050466
0.003384774359708853
0.0034790896366554414
0.0035605957611166694
0.0036289884478972745
0.0036840121415226967
0.0037254610956347634
0.003753180228160957
0.003767065788634394
0.003767065788634394
0.003753180228160957
0.0037254610956343193
0.0036840121415222526
0.0036289884478972745
0.0035605957611157812
0.003479089636658994
0.0033847743597115176
0.003358186935616292
0.003369792843050501
0.00346767769752665
0.0035532376351707917
0.003626164165022594
0.0036861940957040318
0.00373311060487147
0.0037667441217776876
0.003786973022001483
0.0037937241303849234
0.003786973022001483
0.0037667441217781317
0.0037331106048719143
0.0036861940957062522
0.003626164165022594
0.0035532376351739003
0.0034676776975244294
0.0033697928430576063
0.003298018975375072
0.003233111318425408
0.0032440045981889654
0.0032440045981907417
0.0032560839998070357
0.003263635149120425
0.003256083999804371
0.0032691979087924317
0.0032842899827008054
0.0032842899826999172
0.0032691979087910994
0.0032831436355245103
0.00330575402487554
0.0033133024199649697
0.003305754024870211
0.003283143635523622
0.003297664475611306
0.0033277518729031286
0.0033428299603821543
0.003342829960380822
0.003327751872905349
0.0032976644756095297
0.003312444778475143
0.00334994289472057
0.003372509585514827
0.0033800431368393724
0.0033725095855126064
0.0033499428947227905
0.003312444778479584
0.003327104588109364
0.0033719149915296676
0.003401899754081672
0.003416925549206251
0.003416925549196481
0.003401899754082116
0.0033719149915305557
0.00332710458810892
0.0033411943383745424
0.0033931782688503276
0.0034304731080769812
0.0034529155542175616
0.0034604073088440046
0.0034529155542157852
0.0034304731080734285
0.0033931782688512158
0.0033411943383740983
0.0033541900926565837
0.0034131593270028127
0.0034576097891925173
0.003487350181064386
0.0035022524636647567
0.003502252463666977
0.003487350181249571
0.0034576097891934054
0.0034131593270019245
0.003354190092652143
0.00336548997700703
0.003431196942465853
0.0034825923049672802
0.0035194591160396804
0.0035416416853775168
0.0035490463023193364
0.0035416416853766286
0.003519459116036572
0.0034825923049641716
0.0034311969424685174
0.0033654899770052538
0.003374412635841484
0.003446540105942919
0.003504603055759059
0.003548361611994455
0.0035776349013088016
0.0035923018773518223
0.0035923018773522664
0.0035776349013074693
0.0035483616119962313
0.003504603055758171
0.0034465401059464718
0.0033744126358445925
0.003380198695864145
0.003458349586870302
0.003522725858268405
0.003573067830334953
0.0036091723084759053
0.0036308934993867226
0.003638143660694926
0.003630893499384502
0.0036091723084727967
0.003573067830334953
0.0035227258582608556
0.0034583495868680814
0.00338019869585926
0.003382016397471599
0.003465704346749643
0.00353595299315268
0.003592486341855494
0.0036350821294215407
0.00366357279500118
0.0036778462200790507
0.003677846220086156
0.0036635727950042885
0.0036350821294255375
0.00359248634185505
0.003535952993153124
0.0034657043467487547
0.0033820163974644935
0.003378972604638708
0.0034676142499376894
0.0035431994036354553
0.003605439604447813
0.003654097132537615
0.0036889860290822973
0.0037099728901242024
0.003716977443239955
0.003709972890127755
0.003688986029086294
0.003654097132538059
0.003605439604450922
0.0035431994036354553
0.003467614249935913
0.0033789726046413726
0.003370130374281022
0.003463040394141803
0.003543325586407242
0.0036106891639162697
0.0036648818912667913
0.00370570311766949
0.0037330016152163914
0.0037466762104507723
0.0037466762104476636
0.0037330016152155032
0.003705703117664605
0.0036648818912721204
0.0036106891639162697
0.0035433255864099067
0.003463040394140471
0.0033701303742841304
0.0033545340129674805
0.0034509241551381464
0.003535170378847763
0.003606971933919567
0.00366607225836324
0.0037122600031489483
0.0037453698878575636
0.003765283370868122
0.003771929133968399
0.0037652833708703426
0.0037453698878571196
0.003712260003146284
0.003666072258359243
0.0036069719339204553
0.0035351703788522038
0.0034509241551385905
0.003354534012968813
0.0032401042240950417
0.0032512047470474315
0.0032512047470474315
0.003263541550528437
0.0032711789219739273
0.003263541550527993
0.003276963404570843
0.0032922299255990772
0.0032922299255995213
0.0032769634045677343
0.0032912677620196007
0.0033141432932408676
0.003321780312571576
0.003314143293243088
0.003291267762020933
0.003306197689342927
0.00333664377961318
0.0033519019433949637
0.0033519019433940755
0.00333664377961318
0.0033061976893420386
0.0033214367636511533
0.0033593902579189816
0.003382231632854449
0.0033898569884507346
0.0033822316328526725
0.003359390257916761
0.003321436763650265
0.0033366035070430122
0.003381969240210836
0.003412326648037478
0.003427539494536447
0.003427539494538223
0.003412326648036146
0.003381969240210392
0.003336603507042568
0.0033512458367024323
0.00340388826522231
0.0034416570851871775
0.0034643853737517105
0.003471972651950317
0.0034643853737517105
0.0034416570851862893
0.0034038882652231983
0.003351245836705985
0.0033648360257707566
0.0034245698610360087
0.0034695988172095404
0.003499727282795906
0.003514824327143451
0.003514824327143451
0.003499727282795906
0.0034695988172104286
0.0034245698610391173
0.0033648360257698684
0.0033767668368778203
0.0034433468735954875
0.0034954279536503208
0.0035327881481546086
0.003555268185079452
0.003562772198620223
0.0035552681850776757
0.0035327881481581613
0.0034954279536498767
0.003443346873593711
0.0033767668368787085
0.0033863496587875908
0.003459460137285042
0.003518317945359062
0.003562677602171327
0.0035923539943287786
0.003607223235017276
0.003607223235015944
0.0035923539943278904
0.0035626776021699946
0.0035183179453586177
0.003459460137285486
0.0033863496587920316
0.0033928156779827745
0.003472059690290852
0.0035373407144665414
0.003588392877052371
0.0036250081314457283
0.003647037189106861
0.0036543902058929767
0.0036470371891010878
0.0036250081314457283
0.003588392877052371
0.0035373407144656532
0.003472059690296625
0.0033928156779814422
0.003395321258727879
0.003480210914575288
0.003551473374068692
0.0036088259351108043
0.0036520409166835854
0.003680946665735263
0.0036954283203307625
0.0036954283203307625
0.003680946665734819
0.0036520409166849177
0.0036088259351156893
0.003551473374068248
0.0034802109145735116
0.003395321258727435
0.003392958809687041
0.0034829070631063885
0.0035596122417076437
0.0036227787305129766
0.003672162901606768
0.0037075741632346393
0.0037288757811753115
0.003735985476099657
0.0037288757811753115
0.0037075741632346393
0.003672162901605436
0.0036227787305125325
0.0035596122417076437
0.0034829070631059444
0.0033929588096883734
0.003384774359708853
0.0034790896366554414
0.0035605957611166694
0.0036289884478972745
0.0036840121415226967
0.0037254610956347634
0.003753180228160957
0.003767065788634394
0.003767065788634394
0.003753180228160957
0.0037254610956343193
0.0036840121415222526
0.0036289884478972745
0.0035605957611157812
0.003479089636658994
0.0033847743597115176
0.003369792843050501
0.00346767769752665
0.0035532376351707917
0.003626164165022594
0.0036861940957040318
0.00373311060487147
0.0037667441217776876
0.003786973022001483
0.0037937241303849234
0.003786973022001483
0.0037667441217781317
0.0037331106048719143
0.0036861940957062522
0.003626164165022594
0.0035532376351739003
0.0034676776975244294
0.0033697928430576063
0.0032299286519164028
0.003233111318425408
0.0032349984363140294
0.0032440045981889654
0.0032440045981907417
0.0032413623381688517
0.0032560839998070357
0.003263635149120425
0.003256083999804371
0.0032489062372142996
0.0032691979087924317
0.0032842899827008054
0.0032842899826999172
0.0032691979087910994
0.0032574696139189285
0.0032831436355245103
0.00330575402487554
0.0033133024199649697
0.003305754024870211
0.003283143635523622
0.0032668441730190345
0.003297664475611306
0.0033277518729031286
0.0033428299603821543
0.003342829960380822
0.003327751872905349
0.0032976644756095297
0.0032767697467659396
0.003312444778475143
0.00334994289472057
0.003372509585514827
0.0033800431368393724
0.0033725095855126064
0.0033499428947227905
0.003312444778479584
0.0032869297036186573
0.003327104588109364
0.0033719149915296676
0.003401899754081672
0.003416925549206251
0.003416925549196481
0.003401899754082116
0.0033719149915305557
0.00332710458810892
0.0032969461440313097
0.0033411943383745424
0.0033931782688503276
0.0034304731080769812
0.0034529155542175616
0.0034604073088440046
0.0034529155542157852
0.0034304731080734285
0.0033931782688512158
0.0033411943383740983
0.0033063752404185465
0.0033541900926565837
0.0034131593270028127
0.0034576097891925173
0.003487350181064386
0.0035022524636647567
0.003502252463666977
0.003487350181249571
0.0034576097891934054
0.0034131593270019245
0.003354190092652143
0.003314703186715562
0.00336548997700703
0.003431196942465853
0.0034825923049672802
0.0035194591160396804
0.0035416416853775168
0.0035490463023193364
0.0035416416853766286
0.003519459116036572
0.0034825923049641716
0.0034311969424685174
0.0033654899770052538
0.0033213433868519715
0.003374412635841484
0.003446540105942919
0.003504603055759059
0.003548361611994455
0.0035776349013088016
0.0035923018773518223
0.0035923018773522664
0.0035776349013074693
0.0035483616119962313
0.003504603055758171
0.0034465401059464718
0.0033744126358445925
0.0033256356622888283
0.003380198695864145
0.003458349586870302
0.003522725858268405
0.003573067830334953
0.0036091723084759053
0.0036308934993867226
0.003638143660694926
0.003630893499384502
0.0036091723084727967
0.003573067830334953
0.0035227258582608556
0.0034583495868680814
0.00338019869585926
0.0033268484443964574
0.003382016397471599
0.003465704346749643
0.00353595299315268
0.003592486341855494
0.0036350821294215407
0.00366357279500118
0.0036778462200790507
0.003677846220086156
0.0036635727950042885
0.0036350821294255375
0.00359248634185505
0.003535952993153124
0.0034657043467487547
0.0033820163974644935
0.0033241849952108105
0.003378972604638708
0.0034676142499376894
0.0035431994036354553
0.003605439604447813
0.003654097132537615
0.0036889860290822973
0.0037099728901242024
0.003716977443239955
0.003709972890127755
0.003688986029086294
0.003654097132538059
0.003605439604450922
0.0035431994036354553
0.003467614249935913
0.0033789726046413726
0.00331679479825997
0.003370130374281022
0.003463040394141803
0.003543325586407242
0.0036106891639162697
0.0036648818912667913
0.00370570311766949
0.0037330016152163914
0.0037466762104507723
0.0037466762104476636
0.0037330016152155032
0.003705703117664605
0.0036648818912721204
0.0036106891639162697
0.0035433255864099067
0.003463040394140471
0.0033701303742841304
0.003303791169162462
0.0033545340129674805
0.0034509241551381464
0.003535170378847763
0.003606971933919567
0.00366607225836324
0.0037122600031489483
0.0037453698878575636
0.003765283370868122
0.003771929133968399
0.0037652833708703426
0.0037453698878571196
0.003712260003146284
0.003666072258359243
0.0036069719339204553
0.0035351703788522038
0.0034509241551385905
0.003354534012968813
0.003284275850955698
0.0032299286519164028
0.0032349984363149176
0.0032401042240950417
0.0032413623381688517
0.003251204747049652
0.003251204747049652
0.0032489062372142996
0.003263541550527549
0.003271178921972151
0.003263541550527993
0.0032574696139189285
0.003276963404571287
0.003292229925598189
0.003292229925598189
0.0032769634045681784
0.0032668441730203668
0.0032912677620178243
0.0033141432932395354
0.003321780312571576
0.0033141432932399795
0.0032912677620178243
0.0032767697467663837
0.003306197689343815
0.0033366437796158444
0.003351901943395408
0.0033519019433949637
0.0033366437796158444
0.0033061976893420386
0.0032869297036186573
0.0033214367636533737
0.0033593902579127644
0.003382231632854449
0.0033898569884502905
0.003382231632854893
0.003359390257911432
0.0033214367636524855
0.0032969461440308656
0.0033366035070430122
0.0033819692402090595
0.0034123266480339254
0.003427539494537335
0.003427539494537335
0.0034123266480339254
0.0033819692402090595
0.0033366035070434563
0.0033063752404198787
0.0033512458367037645
0.0034038882652236424
0.0034416570851782957
0.0034643853737503782
0.003471972651950317
0.0034643853737503782
0.0034416570851782957
0.0034038882652227542
0.003351245836705985
0.003314703186715562
0.0033648360257703125
0.0034245698610364528
0.0034695988172059877
0.003499727282796794
0.003514824327143451
0.003514824327143451
0.0034997272827950177
0.0034695988172055436
0.0034245698610400055
0.0033648360257663157
0.0033213433868515274
0.003376766836876932
0.0034433468735950434
0.0034954279536498767
0.00353278814816127
0.003555268185079008
0.003562772198620223
0.003555268185078564
0.0035327881481603818
0.0034954279536494326
0.003443346873593711
0.003376766836876488
0.00332563566228794
0.0033863496587871467
0.0034594601372832656
0.0035183179453568414
0.0035626776021646656
0.003592353994331887
0.003607223235016832
0.0036072232350155
0.0035923539943376603
0.0035626776021633333
0.0035183179453577296
0.003459460137284154
0.0033863496587911435
0.0033268484443977897
0.003392815677979666
0.0034720596902948486
0.0035373407144669855
0.003588392877052371
0.0036250081314470606
0.0036470371891055287
0.003654390205893421
0.0036470371891010878
0.0036250081314466165
0.0035883928770545914
0.0035373407144665414
0.003472059690295737
0.003392815677979222
0.0033241849952103664
0.0033953212587283232
0.003480210914575288
0.003551473374067804
0.0036088259351130247
0.003652040916686694
0.0036809466657339307
0.003695428320328986
0.003695428320328986
0.003680946665734375
0.003652040916685806
0.0036088259351161334
0.003551473374068692
0.0034802109145744
0.0033953212587234383
0.00331679479825997
0.0033929588096892616
0.0034829070631068326
0.003559612241704535
0.003622778730505871
0.003672162901606768
0.0037075741632346393
0.0037288757811766438
0.003735985476099657
0.0037288757811766438
0.0037075741632346393
0.003672162901606768
0.003622778730505871
0.003559612241704535
0.0034829070631068326
0.0033929588096888175
0.003303791169162462
0.0033847743597106295
0.003479089636654553
0.0035605957611184458
0.003628988447905712
0.0036840121415226967
0.0037254610956347634
0.0037531802281627336
0.003767065788634394
0.003767065788634394
0.0037531802281627336
0.0037254610956347634
0.0036840121415218086
0.003628988447905712
0.0035605957611175576
0.00347908963665855
0.0033847743597106295
0.003284275850955698
0.003369792843050501
0.003467677697527094
0.003553237635173012
0.0036261641650212617
0.003686194095704476
0.00373311060487147
0.00376674412177902
0.003786973022001483
0.0037937241303849234
0.003786973022001483
0.0037667441217781317
0.00373311060487147
0.0036861940957066963
0.0036261641650212617
0.0035532376351739003
0.0034676776975257617
0.0033697928430491686
0.0032331113184236315
0.0032440045981902976
0.0032440045981885213
0.0032560839998048152
0.003263635149119537
0.0032560839998065916
0.0032691979087928758
0.0032842899826999172
0.0032842899827008054
0.0032691979087906553
0.0032831436355245103
0.0033057540248777606
0.0033133024199689665
0.0033057540248777606
0.0032831436355249544
0.0032976644756090856
0.003327751872905349
0.003342829960380822
0.003342829960385263
0.0033277518729035727
0.0032976644756099738
0.003312444778478252
0.003349942894724567
0.0033725095855126064
0.0033800431368393724
0.0033725095855143827
0.003349942894719238
0.003312444778474699
0.0033271045881071437
0.003371914991531444
0.0034018997540847806
0.003416925549195593
0.003416925549205807
0.0034018997540878892
0.003371914991527891
0.0033271045881102523
0.0033411943383705456
0.003393178268852104
0.0034304731080729844
0.0034529155542157852
0.0034604073088444487
0.0034529155542166734
0.0034304731080769812
0.0033931782688503276
0.0033411943383687692
0.003354190092653475
0.0034131593270019245
0.0034576097891934054
0.003487350181249571
0.0035022524636678654
0.003502252463661204
0.003487350181253568
0.003457609789191185
0.0034131593270028127
0.0033541900926561397
0.0033654899770052538
0.0034311969424694055
0.0034825923049637275
0.0035194591160401245
0.0035416416851883348
0.0035490463023193364
0.003541641685373964
0.0035194591160396804
0.003482592304965504
0.003431196942467629
0.0033654899770083624
0.0033744126358454807
0.003446540105946916
0.0035046030557599472
0.003548361611995343
0.0035776349013034725
0.0035923018773527104
0.0035923018773522664
0.0035776349013074693
0.003548361611995343
0.0035046030557608354
0.0034465401059442513
0.00337441263585303
0.0033801986958610364
0.0034583495868680814
0.003522725858262188
0.0035730678303340646
0.0036091723084719085
0.003630893499384502
0.003638143660696702
0.003630893499384946
0.0036091723084759053
0.003573067830336285
0.003522725858268849
0.003458349586871634
0.0033801986958623687
0.003382016397467602
0.0034657043467478665
0.003535952993152236
0.0035924863418577146
0.003635082129423317
0.0036635727950038444
0.003677846220085268
0.003677846220079939
0.003663572795002512
0.0036350821294264257
0.003592486341855494
0.0035359529931535683
0.0034657043467478665
0.0033820163974693784
0.0033789726046409285
0.0034676142499372453
0.0035431994036358994
0.0036054396044495896
0.0036540971325371707
0.0036889860290845178
0.003709972890127755
0.003716977443239955
0.0037099728901242024
0.0036889860290831855
0.0036540971325416116
0.0036054396044482573
0.003543199403634123
0.0034676142499376894
0.003378972604638264
0.0033701303742841304
0.0034630403941391386
0.003543325586406798
0.0036106891639144933
0.0036648818912676795
0.0037057031176637167
0.003733001615215059
0.0037466762104476636
0.0037466762104507723
0.0037330016152163914
0.0037057031176637167
0.0036648818912699
0.0036106891639162697
0.003543325586406798
0.003463040394141803
0.0033701303742805777
0.003354534012969257
0.0034509241551394787
0.0035351703788499833
0.0036069719339200113
0.0036660722583601313
0.0037122600031440633
0.003745369887853567
0.003765283370872119
0.003771929133967067
0.003765283370868122
0.003745369887853567
0.003712260003146728
0.0036660722583619076
0.003606971933919567
0.0035351703788464306
0.0034509241551381464
0.0033545340129674805
