0.1461443074264892
0.3490453307199308
0.3490453307199308
0.3490453307199326
0.4140521040652434
0.3490453307199326
0.1461443074264892
0.34904533071992905
0.34904533071992994
0.1461443074264892
0.3490453307199308
0.4140521040652434
0.3490453307199326
0.34904533071992905
0.34904533071992994
0.1461443074264892
0.3490453307199308
0.3490453307199326
0.4140521040652434
0.1461443074264892
0.34904533071992905
0.34904533071992994
0.4140521040652434
0.34904533071992905
0.34904533071992994
0.1461443074264892
0.3490453307199308
0.3490453307199308
0.3490453307199326
0.4140521040652434
0.3490453307199326
0.3490453307199308
0.4140521040652434
0.3490453307199326
0.3490453307199308
0.3490453307199326
0.4140521040652434
0.4140521040652434
