0.18739875324611432
0.3249891268598759
0.3249891268598759
0.3515913002166826
0.38129005957225637
0.35159130021667995
0.18739875324611432
0.3723767752114897
0.3723767752114906
0.18739875324611432
0.3249891268598759
0.38129005957225637
0.35159130021667995
0.3723767752114897
0.3723767752114906
0.18739875324611432
0.3249891268598759
0.3515913002166826
0.38129005957225637
0.18739875324611432
0.3723767752114897
0.3723767752114906
0.38129005957225637
0.3723767752114897
0.3723767752114906
0.18739875324611432
0.3249891268598759
0.3249891268598759
0.3515913002166826
0.38129005957225637
0.35159130021667995
0.3249891268598759
0.38129005957225637
0.35159130021667995
0.3249891268598759
0.3515913002166826
0.38129005957225637
0.38129005957225637
