0.06638845789963099
0.1053043797678912
0.1053043797678912
0.11388798468279315
0.11579719756166851
0.11388798468279315
0.12114150840566928
0.13103716303893664
0.1310371630389402
0.12114150840566928
0.11831905922872288
0.13629880969828623
0.1463995414141941
0.13629880969828623
0.11831905922872288
0.06638845789963099
0.12365211944802201
0.14183124738687525
0.14183124738687525
0.12365211944802201
0.06638845789963099
0.1053043797678912
0.11579719756166851
0.11388798468279315
0.13103716303893664
0.1310371630389402
0.12114150840566928
0.13629880969828623
0.1463995414141941
0.13629880969828623
0.11831905922872288
0.12365211944802201
0.14183124738687525
0.14183124738687525
0.12365211944802201
0.06638845789963099
0.1053043797678912
0.11388798468279315
0.11579719756166851
0.12114150840566928
0.13103716303893664
0.1310371630389402
0.11831905922872288
0.13629880969828623
0.1463995414141941
0.13629880969828623
0.06638845789963099
0.12365211944802201
0.14183124738687525
0.14183124738687525
0.12365211944802201
0.11579719756166851
0.13103716303893664
0.1310371630389402
0.13629880969828623
0.1463995414141941
0.13629880969828623
0.12365211944802201
0.14183124738687525
0.14183124738687525
0.12365211944802201
0.06638845789963099
0.1053043797678912
0.1053043797678912
0.11388798468279315
0.11579719756166851
0.11388798468279315
0.12114150840566928
0.13103716303893664
0.1310371630389402
0.12114150840566928
0.11831905922872288
0.13629880969828623
0.1463995414141941
0.13629880969828623
0.11831905922872288
0.1053043797678912
0.11579719756166851
0.11388798468279315
0.13103716303893664
0.1310371630389402
0.12114150840566928
0.13629880969828623
0.1463995414141941
0.13629880969828623
0.11831905922872288
0.1053043797678912
0.11388798468279315
0.11579719756166851
0.12114150840566928
0.13103716303893664
0.1310371630389402
0.11831905922872288
0.13629880969828623
0.1463995414141941
0.13629880969828623
0.11579719756166851
0.13103716303893664
0.1310371630389402
0.13629880969828623
0.1463995414141941
0.13629880969828623
