0.040227553745264544
0.08635184230969628
0.08635184230969628
0.13028255427901048
0.13060135287801122
0.1302825542790087
0.1302825542790096
0.1663061376952193
0.16630613769521974
0.1302825542790096
0.08635184230969806
0.13060135287800412
0.1663061376952144
0.130601352878005
0.08635184230969806
0.040227553745264544
0.08635184230969806
0.13028255427901492
0.13028255427901492
0.08635184230969983
0.040227553745264544
0.08635184230969628
0.13060135287801122
0.1302825542790087
0.1663061376952193
0.16630613769521974
0.1302825542790096
0.13060135287800412
0.1663061376952144
0.130601352878005
0.08635184230969806
0.08635184230969806
0.13028255427901492
0.13028255427901492
0.08635184230969983
0.040227553745264544
0.08635184230969628
0.13028255427901048
0.13060135287801122
0.1302825542790096
0.1663061376952193
0.16630613769521974
0.08635184230969806
0.13060135287800412
0.1663061376952144
0.130601352878005
0.040227553745264544
0.08635184230969806
0.13028255427901492
0.13028255427901492
0.08635184230969983
0.13060135287801122
0.1663061376952193
0.16630613769521974
0.13060135287800412
0.1663061376952144
0.130601352878005
0.08635184230969806
0.13028255427901492
0.13028255427901492
0.08635184230969983
0.040227553745264544
0.08635184230969628
0.08635184230969628
0.13028255427901048
0.13060135287801122
0.1302825542790087
0.1302825542790096
0.1663061376952193
0.16630613769521974
0.1302825542790096
0.08635184230969806
0.13060135287800412
0.1663061376952144
0.130601352878005
0.08635184230969806
0.08635184230969628
0.13060135287801122
0.1302825542790087
0.1663061376952193
0.16630613769521974
0.1302825542790096
0.13060135287800412
0.1663061376952144
0.130601352878005
0.08635184230969806
0.08635184230969628
0.13028255427901048
0.13060135287801122
0.1302825542790096
0.1663061376952193
0.16630613769521974
0.08635184230969806
0.13060135287800412
0.1663061376952144
0.130601352878005
0.13060135287801122
0.1663061376952193
0.16630613769521974
0.13060135287800412
0.1663061376952144
0.130601352878005
