0.038974391662094376
0.047595778794915056
0.047489227892620445
0.048495936471883994
0.04889260248528471
0.048380121973510715
0.04924269795915759
0.0507233922227579
0.050710913816078396
0.04911439962930508
0.04931693843898888
0.05190825900221485
0.053387429199193814
0.05187391075912373
0.0491758938383251
0.038974391662094376
0.048937122067318484
0.05082371003059283
0.05118418449204265
0.049762828935019154
0.03897439166209615
0.047489227892620445
0.04889260248528471
0.0483801219735116
0.0507233922227579
0.050710913816078396
0.04911439962930553
0.05190825900221485
0.053387429199193814
0.05187391075912373
0.0491758938383251
0.048937122067318484
0.050823710030593716
0.051184184492043094
0.049762828935019154
0.03897439166209615
0.04744338127188508
0.04744338127188508
0.04834980587213211
0.048819143443083135
0.048349805872131224
0.04910999093365964
0.05068836405478905
0.05068836405478816
0.0491099909336592
0.04920832592159874
0.05192790932850988
0.05343869214506736
0.05192790932850855
0.04920832592159874
0.03897439166209349
0.05052189667972229
0.053454385142956085
0.053454385142956085
0.05052189667972318
0.03897439166209349
0.048680638850572056
0.05050402801850673
0.050504028018519165
0.05169131662477078
0.05318037049633029
0.051691316624773
0.048889283952846085
0.0507929232403721
0.051181628861895145
0.04979620034852594
0.038974391662094376
0.04744338127188508
0.04744338127188508
0.04834980587213211
0.048819143443083135
0.048349805872131224
0.04910999093365964
0.05068836405478905
0.05068836405478816
0.0491099909336592
0.04920832592159874
0.05192790932850988
0.05343869214506736
0.05192790932850855
0.04920832592159874
0.047489227892620445
0.048380121973510715
0.04868063885058449
0.04911439962930508
0.05050402801854492
0.05050402801852938
0.0491758938383251
0.051691316624773
0.05318037049633073
0.05169131662477122
0.03897439166209615
0.04979620034852594
0.05118162886189559
0.05079292324037077
0.048889283952846085
0.047489227892620445
0.048680638850572056
0.0483801219735116
0.05050402801850673
0.050504028018519165
0.04911439962930553
0.05169131662477078
0.05318037049633029
0.051691316624773
0.0491758938383251
0.048889283952846085
0.0507929232403721
0.051181628861895145
0.04979620034852594
0.03897439166209615
0.047595778794915056
0.048495936471883994
0.04889260248528471
0.04924269795915759
0.0507233922227579
0.050710913816078396
0.04931693843898888
0.05190825900221485
0.053387429199193814
0.05187391075912373
0.038974391662094376
0.048937122067318484
0.050823710030593716
0.051184184492043094
0.049762828935019154
0.04889260248528471
0.0507233922227579
0.050710913816078396
0.05190825900221485
0.053387429199193814
0.05187391075912373
0.048937122067318484
0.050823710030593716
0.051184184492043094
0.049762828935019154
0.04893513057358012
0.049058837737317784
0.05082323934176447
0.0488926024852856
0.05097516080742048
0.051186037557541475
0.05071091381607884
0.0507233922227579
0.05134854155105684
0.04976376826525186
0.05187391075912329
0.0533874291991947
0.05190825900221574
0.04991941755935647
0.03897439166209349
0.05035070336194636
0.05325582242027682
0.05326682739884703
0.050383024748277716
0.04744338127188508
0.04834980587213211
0.048680638850572056
0.04910999093365964
0.05050402801850673
0.050504028018519165
0.04920832592159874
0.05169131662477078
0.05318037049633029
0.051691316624773
0.04744338127188508
0.048819143443083135
0.048349805872131224
0.05068836405478905
0.05068836405478816
0.0491099909336592
0.05192790932850988
0.05343869214506736
0.05192790932850855
0.04920832592159874
0.05052189667972229
0.053454385142956085
0.053454385142956085
0.05052189667972318
0.03897439166209349
0.048680638850572056
0.05050402801850673
0.050504028018519165
0.05169131662477078
0.05318037049633029
0.051691316624773
0.048889283952846085
0.0507929232403721
0.051181628861895145
0.04979620034852594
0.048889283952846085
0.04881914344308047
0.05079292324037077
0.05068836405477661
0.05068836405478905
0.051181628861895145
0.051927909328505883
0.05343869214506736
0.051927909328505883
0.04979620034852594
0.05052189667972051
0.053454385142956085
0.053454385142956085
0.05052189667972229
0.048889283952846085
0.04881914344308047
0.05079292324037077
0.05068836405477661
0.05068836405478905
0.051181628861895145
0.051927909328505883
0.05343869214506736
0.051927909328505883
0.04979620034852594
0.04868063885058449
0.05050402801854492
0.05050402801852938
0.051691316624773
0.05318037049633073
0.051691316624771666
0.04881914344308047
0.05068836405477661
0.05068836405478905
0.051927909328505883
0.05343869214506736
0.051927909328505883
0.04744338127188508
0.04868063885058449
0.048349805872131224
0.05050402801854492
0.05050402801852938
0.0491099909336592
0.051691316624773
0.05318037049633073
0.051691316624771666
0.04920832592159874
0.04744338127188508
0.04834980587213211
0.048819143443083135
0.04910999093365964
0.05068836405478905
0.05068836405478816
0.04920832592159874
0.05192790932850988
0.05343869214506736
0.05192790932850855
0.048680638850572056
0.05050402801850673
0.050504028018519165
0.051691316624770334
0.05318037049633029
0.051691316624773
