0.03129370783834151
0.0437890649009649
0.04367211822201922
0.051939424398063316
0.051535688863100226
0.051702602145463405
0.051939424398063316
0.05648644347959797
0.05639223136165672
0.05169262521266038
0.043789064900964014
0.05153568886310156
0.05639223136164917
0.051449720140666066
0.0436495453111343
0.03129370783834062
0.04367211822201833
0.05170260214546474
0.05169262521264972
0.0436495453111343
0.03129370783834151
0.04367211822201922
0.051535688863100226
0.051702602145463405
0.05648644347959797
0.05639223136165672
0.05169262521266038
0.05153568886310156
0.05639223136164917
0.051449720140666066
0.0436495453111343
0.04367211822201833
0.05170260214546474
0.05169262521264972
0.04364954531113474
0.03129370783834151
0.04364954531113785
0.04364954531113785
0.051692625212648835
0.05144972014066962
0.051692625212648835
0.05170260214546252
0.05639223136165894
0.056392231361658496
0.05170260214546252
0.043672118222015666
0.05153568886310156
0.056486443479597526
0.05153568886310156
0.043672118222016554
0.03129370783834151
0.043789064900963126
0.05193942439806243
0.05193942439806243
0.043789064900964014
0.03129370783834151
0.05129959736277723
0.05617518674076338
0.056175186740779814
0.051299597362763905
0.05617518674076738
0.05129959736277856
0.0436495453111343
0.05169262521265816
0.051702602145463405
0.043672118222016554
0.03129370783834151
0.04364954531113785
0.04364954531113785
0.051692625212648835
0.05144972014066962
0.051692625212648835
0.05170260214546252
0.05639223136165894
0.056392231361658496
0.05170260214546252
0.043672118222015666
0.05153568886310156
0.056486443479597526
0.05153568886310156
0.043672118222016554
0.04367211822201922
0.051702602145463405
0.05129959736277634
0.05169262521266038
0.056175186740774485
0.05617518674076338
0.04364954531113474
0.051299597362778115
0.05617518674076827
0.05129959736276435
0.03129370783834107
0.04367211822201922
0.051702602145463405
0.05169262521265816
0.0436495453111343
0.04367211822201922
0.05129959736277723
0.051702602145463405
0.05617518674076338
0.056175186740779814
0.05169262521266038
0.051299597362763905
0.05617518674076738
0.05129959736277856
0.0436495453111343
0.0436495453111343
0.05169262521265816
0.051702602145463405
0.043672118222016554
0.03129370783834151
0.0437890649009649
0.051939424398063316
0.051535688863100226
0.051939424398063316
0.05648644347959797
0.05639223136165672
0.043789064900964014
0.05153568886310156
0.05639223136164917
0.051449720140666066
0.03129370783834062
0.04367211822201833
0.05170260214546474
0.05169262521264972
0.0436495453111343
0.051535688863100226
0.05648644347959797
0.05639223136165672
0.05153568886310156
0.05639223136164917
0.051449720140666066
0.04367211822201833
0.05170260214546474
0.05169262521264972
0.0436495453111343
0.04367211822201922
0.043789064900964014
0.051702602145464294
0.051535688863098894
0.05193942439806243
0.05169262521265816
0.05639223136165894
0.056486443479599746
0.05193942439806243
0.0436495453111343
0.05144972014066429
0.05639223136164917
0.05153568886310245
0.043789064900963126
0.03129370783834151
0.0436495453111343
0.05169262521265816
0.051702602145463405
0.043672118222017
0.04364954531113785
0.051692625212648835
0.05129959736277723
0.05170260214546252
0.05617518674076338
0.056175186740779814
0.043672118222015666
0.051299597362763905
0.05617518674076738
0.05129959736277856
0.04364954531113785
0.05144972014066962
0.051692625212648835
0.05639223136165894
0.056392231361658496
0.05170260214546252
0.05153568886310156
0.056486443479597526
0.05153568886310156
0.043672118222016554
0.043789064900963126
0.05193942439806243
0.05193942439806243
0.043789064900964014
0.03129370783834151
0.05129959736277723
0.05617518674076338
0.056175186740779814
0.051299597362763905
0.05617518674076738
0.05129959736277856
0.0436495453111343
0.05169262521265816
0.051702602145463405
0.043672118222016554
0.0436495453111343
0.05144972014066873
0.05169262521265816
0.056392231361659384
0.05639223136165894
0.051702602145463405
0.05153568886310156
0.056486443479597526
0.05153568886310156
0.043672118222016554
0.043789064900963126
0.05193942439806243
0.05193942439806243
0.043789064900964014
0.0436495453111343
0.05144972014066873
0.05169262521265816
0.056392231361659384
0.05639223136165894
0.051702602145463405
0.05153568886310156
0.056486443479597526
0.05153568886310156
0.043672118222016554
0.05129959736277634
0.056175186740774485
0.05617518674076338
0.05129959736277856
0.05617518674076827
0.05129959736276435
0.05144972014066873
0.056392231361659384
0.05639223136165894
0.05153568886310156
0.056486443479597526
0.05153568886310067
0.04364954531113785
0.05129959736277634
0.051692625212648835
0.056175186740774485
0.05617518674076338
0.05170260214546252
0.05129959736277856
0.05617518674076827
0.05129959736276435
0.043672118222016554
0.04364954531113785
0.051692625212648835
0.05144972014066962
0.05170260214546252
0.05639223136165894
0.056392231361658496
0.043672118222015666
0.05153568886310156
0.056486443479597526
0.05153568886310156
0.05129959736277723
0.05617518674076338
0.056175186740779814
0.051299597362763905
0.05617518674076738
0.051299597362778115
