0.018227595722503764
0.03543605383894022
0.03543605383894022
0.052013123166459785
0.04980161704737718
0.0520131231664589
0.06554354574943222
0.07078131010970434
0.07078131010970434
0.06554354574943222
0.06554354574942689
0.08100051782601758
0.09368439881996427
0.08100051782601758
0.06554354574942689
0.052013123166479325
0.0707813101097039
0.0936843988199576
0.09368439881995849
0.07078131010970301
0.052013123166479325
0.035436053838946435
0.0498016170473754
0.07078131010970479
0.0810005178260047
0.07078131010970212
0.04980161704737496
0.035436053838941994
0.01822759572250021
0.035436053838936665
0.05201312316645623
0.06554354574943488
0.065543545749426
0.052013123166479325
0.035436053838941106
0.01822759572250021
0.03543605383894022
0.04980161704737718
0.0520131231664589
0.07078131010970434
0.07078131010970434
0.06554354574943222
0.08100051782601758
0.09368439881996427
0.08100051782601758
0.06554354574942689
0.0707813101097039
0.0936843988199576
0.09368439881995849
0.07078131010970301
0.052013123166479325
0.0498016170473754
0.07078131010970479
0.0810005178260047
0.07078131010970212
0.04980161704737496
0.035436053838941994
0.035436053838936665
0.05201312316645623
0.06554354574943488
0.065543545749426
0.052013123166479325
0.035436053838941106
0.01822759572250021
0.03543605383894022
0.052013123166459785
0.04980161704737718
0.06554354574943222
0.07078131010970434
0.07078131010970434
0.06554354574942689
0.08100051782601758
0.09368439881996427
0.08100051782601758
0.052013123166479325
0.0707813101097039
0.0936843988199576
0.09368439881995849
0.07078131010970301
0.035436053838946435
0.0498016170473754
0.07078131010970479
0.0810005178260047
0.07078131010970212
0.04980161704737496
0.01822759572250021
0.035436053838936665
0.05201312316645623
0.06554354574943488
0.065543545749426
0.052013123166479325
0.035436053838941106
0.04980161704737718
0.07078131010970434
0.07078131010970434
0.08100051782601758
0.09368439881996427
0.08100051782601758
0.0707813101097039
0.0936843988199576
0.09368439881995849
0.07078131010970301
0.0498016170473754
0.07078131010970479
0.0810005178260047
0.07078131010970212
0.04980161704737496
0.035436053838936665
0.05201312316645623
0.06554354574943488
0.065543545749426
0.052013123166479325
0.035436053838941106
0.018227595722503764
0.03543605383894022
0.03543605383894022
0.052013123166459785
0.04980161704737718
0.0520131231664589
0.06554354574943222
0.07078131010970434
0.07078131010970434
0.06554354574943222
0.06554354574942689
0.08100051782601758
0.09368439881996427
0.08100051782601758
0.06554354574942689
0.052013123166479325
0.0707813101097039
0.0936843988199576
0.09368439881995849
0.07078131010970301
0.052013123166479325
0.035436053838946435
0.0498016170473754
0.07078131010970479
0.0810005178260047
0.07078131010970212
0.04980161704737496
0.035436053838941994
0.03543605383894022
0.04980161704737718
0.0520131231664589
0.07078131010970434
0.07078131010970434
0.06554354574943222
0.08100051782601758
0.09368439881996427
0.08100051782601758
0.06554354574942689
0.0707813101097039
0.0936843988199576
0.09368439881995849
0.07078131010970301
0.052013123166479325
0.0498016170473754
0.07078131010970479
0.0810005178260047
0.07078131010970212
0.04980161704737496
0.035436053838941994
0.03543605383894022
0.052013123166459785
0.04980161704737718
0.06554354574943222
0.07078131010970434
0.07078131010970434
0.06554354574942689
0.08100051782601758
0.09368439881996427
0.08100051782601758
0.052013123166479325
0.0707813101097039
0.0936843988199576
0.09368439881995849
0.07078131010970301
0.035436053838946435
0.0498016170473754
0.07078131010970479
0.0810005178260047
0.07078131010970212
0.04980161704737496
0.04980161704737718
0.07078131010970434
0.07078131010970434
0.08100051782601758
0.09368439881996427
0.08100051782601758
0.0707813101097039
0.0936843988199576
0.09368439881995849
0.07078131010970301
0.0498016170473754
0.07078131010970479
0.0810005178260047
0.07078131010970212
0.04980161704737496
