0.033723331472568674
0.052063031483740474
0.052063031483740474
0.05442397227942131
0.054803277689025265
0.054423972279397326
0.05729066093456847
0.059425970794121596
0.0594259707941327
0.05729066093456936
0.059898472309281914
0.06407168953884046
0.06694519796694598
0.06407168953884224
0.059898472309281914
0.06075734309013825
0.06707450862681785
0.07263538207192255
0.07263538207192255
0.06707450862681785
0.06075734309013825
0.05796669092813467
0.06596407940321436
0.07315305212136058
0.07561972928521943
0.0731530521213557
0.06596407940321392
0.05796669092813467
0.033723331472568674
0.05984829789294732
0.06839505398238988
0.07284273523623241
0.07284273523623419
0.06839505398240853
0.059848297892945546
0.033723331472568674
0.052063031483740474
0.054803277689025265
0.054423972279397326
0.059425970794121596
0.0594259707941327
0.05729066093456936
0.06407168953884046
0.06694519796694598
0.06407168953884224
0.059898472309281914
0.06707450862681785
0.07263538207192255
0.07263538207192255
0.06707450862681785
0.06075734309013825
0.06596407940321436
0.07315305212136058
0.07561972928521943
0.0731530521213557
0.06596407940321392
0.05796669092813467
0.05984829789294732
0.06839505398238988
0.07284273523623241
0.07284273523623419
0.06839505398240853
0.059848297892945546
0.033723331472568674
0.052063031483740474
0.05442397227942131
0.054803277689025265
0.05729066093456847
0.059425970794121596
0.0594259707941327
0.059898472309281914
0.06407168953884046
0.06694519796694598
0.06407168953884224
0.06075734309013825
0.06707450862681785
0.07263538207192255
0.07263538207192255
0.06707450862681785
0.05796669092813467
0.06596407940321436
0.07315305212136058
0.07561972928521943
0.0731530521213557
0.06596407940321392
0.033723331472568674
0.05984829789294732
0.06839505398238988
0.07284273523623241
0.07284273523623419
0.06839505398240853
0.059848297892945546
0.054803277689025265
0.059425970794121596
0.0594259707941327
0.06407168953884046
0.06694519796694598
0.06407168953884224
0.06707450862681785
0.07263538207192255
0.07263538207192255
0.06707450862681785
0.06596407940321436
0.07315305212136058
0.07561972928521943
0.0731530521213557
0.06596407940321392
0.05984829789294732
0.06839505398238988
0.07284273523623241
0.07284273523623419
0.06839505398240853
0.059848297892945546
0.033723331472568674
0.052063031483740474
0.052063031483740474
0.05442397227942131
0.054803277689025265
0.054423972279397326
0.05729066093456847
0.059425970794121596
0.0594259707941327
0.05729066093456936
0.059898472309281914
0.06407168953884046
0.06694519796694598
0.06407168953884224
0.059898472309281914
0.06075734309013825
0.06707450862681785
0.07263538207192255
0.07263538207192255
0.06707450862681785
0.06075734309013825
0.05796669092813467
0.06596407940321436
0.07315305212136058
0.07561972928521943
0.0731530521213557
0.06596407940321392
0.05796669092813467
0.052063031483740474
0.054803277689025265
0.054423972279397326
0.059425970794121596
0.0594259707941327
0.05729066093456936
0.06407168953884046
0.06694519796694598
0.06407168953884224
0.059898472309281914
0.06707450862681785
0.07263538207192255
0.07263538207192255
0.06707450862681785
0.06075734309013825
0.06596407940321436
0.07315305212136058
0.07561972928521943
0.0731530521213557
0.06596407940321392
0.05796669092813467
0.052063031483740474
0.05442397227942131
0.054803277689025265
0.05729066093456847
0.059425970794121596
0.0594259707941327
0.059898472309281914
0.06407168953884046
0.06694519796694598
0.06407168953884224
0.06075734309013825
0.06707450862681785
0.07263538207192255
0.07263538207192255
0.06707450862681785
0.05796669092813467
0.06596407940321436
0.07315305212136058
0.07561972928521943
0.0731530521213557
0.06596407940321392
0.054803277689025265
0.059425970794121596
0.0594259707941327
0.06407168953884046
0.06694519796694598
0.06407168953884224
0.06707450862681785
0.07263538207192255
0.07263538207192255
0.06707450862681785
0.06596407940321436
0.07315305212136058
0.07561972928521943
0.0731530521213557
0.06596407940321392
