0.01985610725175846
0.02407023674601394
0.024017072716973953
0.024326785577166277
0.024420975102764864
0.024271080207618922
0.024606487705388425
0.0249672917282866
0.024964156043168817
0.024547039748683996
0.024849897915038888
0.025486862309052505
0.025890848050109216
0.025478309066324645
0.024785824571108783
0.024968464970788418
0.025886387895522667
0.026674987030183228
0.026669460693620195
0.025869986806377643
0.024899387173082932
0.024844807102128108
0.026036300832400716
0.027158969640241892
0.027532471927644853
0.02714540191214443
0.02600957380589275
0.0247710284326903
0.01985610725175846
0.02464488540836207
0.025497917986346152
0.02600298248730759
0.026119869591838984
0.025804976152301595
0.025011375163249916
0.01985610725175846
0.024017072716973953
0.024420975102764864
0.024271080207618034
0.0249672917282866
0.024964156043168817
0.024547039748683996
0.025486862309052505
0.025890848050109216
0.025478309066324645
0.024785824571108783
0.025886387895522667
0.026674987030183228
0.026669460693620195
0.025869986806377643
0.02489938717308382
0.026036300832400716
0.027158969640241892
0.027532471927644853
0.02714540191214443
0.02600957380589275
0.0247710284326903
0.02464488540836207
0.025497917986345264
0.02600298248730759
0.026119869591838984
0.025804976152302483
0.025011375163249916
0.01985610725175846
0.023991962650990573
0.023991962650990573
0.024249766889548052
0.02437507976774178
0.024249766889547608
0.024531869011832352
0.02493004862002879
0.024930048620028344
0.024531869011859442
0.02477945612594379
0.025461716578322413
0.025872848478233124
0.02546171657832197
0.024779456125943344
0.02490467311024913
0.025877262535139778
0.0266780892377545
0.0266780892377545
0.02587726253513889
0.024904673110249576
0.024790632691999992
0.026046917744516396
0.027187973666642495
0.027572269447731834
0.02718797366664205
0.026046917744517728
0.024790632691999992
0.01985610725175846
0.025339073841244897
0.02681482825698467
0.027563924974050913
0.027563924974053577
0.026814828256986445
0.025339073841244897
0.01985610725175846
0.024314664760329396
0.024857894402888103
0.024857894402887215
0.025375007900270585
0.025780866083564113
0.025375007900292346
0.025773938143343944
0.02656375208034678
0.026563752080344116
0.025773938143344832
0.025926632108979497
0.027050838059305526
0.027429420731384102
0.027050838059301974
0.025926632108975944
0.0246188566086758
0.02547600891396984
0.02598813754984386
0.026114823108218665
0.025811931503274543
0.02503154801139207
0.01985610725175846
0.023991962650990573
0.023991962650990573
0.024249766889547608
0.02437507976774178
0.024249766889548052
0.024531869011832352
0.02493004862002879
0.024930048620028344
0.024531869011859442
0.02477945612594379
0.025461716578322413
0.025872848478233124
0.02546171657832197
0.024779456125943344
0.02490467311024913
0.025877262535139778
0.0266780892377545
0.0266780892377545
0.02587726253513889
0.024904673110249576
0.024790632691999992
0.026046917744516396
0.027187973666642495
0.027572269447731834
0.02718797366664205
0.026046917744517728
0.024790632691999992
0.024017072716973953
0.024271080207618922
0.024314664760331617
0.024547039748683996
0.024857894402888547
0.024857894402887215
0.024785824571108783
0.02537500790029279
0.025780866083565446
0.025375007900271918
0.024899387173082932
0.02577393814334572
0.026563752080344116
0.02656375208034678
0.025773938143343944
0.0247710284326903
0.02592663210897639
0.02705083805930375
0.027429420731384102
0.027050838059305526
0.025926632108979497
0.01985610725175846
0.025031548011390736
0.02581193150327632
0.02611482310821822
0.02598813754984297
0.02547600891396984
0.0246188566086758
0.024017072716973953
0.024314664760329396
0.024271080207618034
0.024857894402888103
0.024857894402887215
0.024547039748683996
0.025375007900270585
0.025780866083564113
0.025375007900292346
0.024785824571108783
0.025773938143343944
0.02656375208034678
0.026563752080344116
0.025773938143344832
0.02489938717308382
0.025926632108979497
0.027050838059305526
0.027429420731384102
0.027050838059301974
0.025926632108975944
0.0247710284326903
0.0246188566086758
0.02547600891396984
0.02598813754984386
0.026114823108218665
0.025811931503274543
0.02503154801139207
0.01985610725175846
0.02407023674601394
0.024326785577166277
0.024420975102764864
0.024606487705388425
0.0249672917282866
0.024964156043168817
0.024849897915038888
0.025486862309052505
0.025890848050109216
0.025478309066324645
0.024968464970788418
0.025886387895522667
0.026674987030183228
0.026669460693620195
0.025869986806377643
0.024844807102128108
0.026036300832400716
0.027158969640241892
0.027532471927644853
0.02714540191214443
0.02600957380589275
0.01985610725175846
0.02464488540836207
0.025497917986345264
0.02600298248730759
0.026119869591838984
0.025804976152302483
0.025011375163249916
0.024420975102764864
0.0249672917282866
0.024964156043168817
0.025486862309052505
0.025890848050109216
0.025478309066324645
0.025886387895522667
0.026674987030183228
0.026669460693620195
0.025869986806377643
0.026036300832400716
0.027158969640241892
0.027532471927644853
0.02714540191214443
0.02600957380589275
0.02464488540836207
0.025497917986345264
0.02600298248730759
0.026119869591838984
0.025804976152302483
0.025011375163249916
0.024643966674656514
0.02470465529362942
0.025497322232066022
0.024420975102766196
0.02557080691707503
0.02600330828664532
0.024964156043164376
0.024967291728288377
0.026085206339694356
0.026121191553376555
0.025478309066325533
0.025890848050110105
0.02548686230905295
0.026206911444546233
0.025806645566109232
0.025869986806374534
0.026669460693620195
0.026674987030185004
0.025886387895522223
0.02589164661388743
0.02501194375207838
0.026009573805889197
0.027145401912146205
0.02753247192764663
0.027158969640241448
0.026036300832399384
0.025091940471685614
0.01985610725175846
0.025252290482637996
0.02671223454532745
0.027455236574106312
0.02745925102532576
0.026724160010792808
0.025271779366047298
0.023991962650990573
0.024249766889547608
0.024314664760329396
0.024531869011832352
0.024857894402888103
0.024857894402887215
0.02477945612594379
0.025375007900270585
0.025780866083564113
0.025375007900292346
0.02490467311024913
0.025773938143343944
0.02656375208034678
0.026563752080344116
0.025773938143344832
0.024790632691999992
0.025926632108979497
0.027050838059305526
0.027429420731384102
0.027050838059301974
0.025926632108975944
0.023991962650990573
0.02437507976774178
0.024249766889547608
0.02493004862002879
0.024930048620028344
0.024531869011859442
0.025461716578322413
0.025872848478233124
0.02546171657832197
0.024779456125943344
0.025877262535139778
0.0266780892377545
0.0266780892377545
0.02587726253513889
0.024904673110249576
0.026046917744516396
0.027187973666642495
0.027572269447731834
0.02718797366664205
0.026046917744517728
0.024790632691999992
0.025339073841244897
0.02681482825698467
0.027563924974050913
0.027563924974053577
0.026814828256986445
0.025339073841244897
0.01985610725175846
0.024314664760329396
0.024857894402888103
0.024857894402887215
0.025375007900270585
0.025780866083564113
0.025375007900292346
0.025773938143343944
0.02656375208034678
0.026563752080344116
0.025773938143344832
0.025926632108979497
0.027050838059305526
0.027429420731384102
0.027050838059301974
0.025926632108975944
0.0246188566086758
0.02547600891396984
0.02598813754984386
0.026114823108218665
0.025811931503274543
0.02503154801139207
0.0246188566086758
0.02437507976774178
0.02547600891396984
0.024930048620021683
0.024930048620021683
0.02598813754984297
0.02546171657832197
0.025872848478233124
0.025461716578321525
0.02611482310821822
0.02587726253513889
0.026678089237754943
0.026678089237754943
0.025877262535138
0.02581193150327632
0.02604691774451684
0.027187973666642495
0.027572269447731834
0.02718797366664205
0.026046917744517284
0.02503154801139207
0.02533907384124401
0.02681482825698467
0.027563924974050913
0.027563924974053577
0.026814828256986445
0.025339073841244897
0.0246188566086758
0.02437507976774178
0.02547600891396984
0.024930048620021683
0.024930048620021683
0.02598813754984297
0.02546171657832197
0.025872848478233124
0.025461716578321525
0.02611482310821822
0.02587726253513889
0.026678089237754943
0.026678089237754943
0.025877262535138
0.02581193150327632
0.02604691774451684
0.027187973666642495
0.027572269447731834
0.02718797366664205
0.026046917744517284
0.02503154801139207
0.024314664760331617
0.024857894402888547
0.024857894402887215
0.02537500790029279
0.025780866083565446
0.025375007900271918
0.02577393814334572
0.026563752080344116
0.02656375208034678
0.025773938143343944
0.02592663210897639
0.02705083805930375
0.027429420731384102
0.027050838059305526
0.025926632108979497
0.02437507976774178
0.024930048620021683
0.024930048620021683
0.02546171657832197
0.025872848478233124
0.025461716578321525
0.02587726253513889
0.026678089237754943
0.026678089237754943
0.025877262535138
0.02604691774451684
0.027187973666642495
0.027572269447731834
0.02718797366664205
0.026046917744517284
0.023991962650990573
0.024314664760331617
0.024249766889548052
0.024857894402888547
0.024857894402887215
0.024531869011859442
0.02537500790029279
0.025780866083565446
0.025375007900271918
0.024779456125943344
0.02577393814334572
0.026563752080344116
0.02656375208034678
0.025773938143343944
0.024904673110249576
0.02592663210897639
0.02705083805930375
0.027429420731384102
0.027050838059305526
0.025926632108979497
0.024790632691999992
0.023991962650990573
0.024249766889547608
0.02437507976774178
0.024531869011832352
0.02493004862002879
0.024930048620028344
0.02477945612594379
0.025461716578322413
0.025872848478233124
0.02546171657832197
0.02490467311024913
0.025877262535139778
0.0266780892377545
0.0266780892377545
0.02587726253513889
0.024790632691999992
0.026046917744516396
0.027187973666642495
0.027572269447731834
0.02718797366664205
0.026046917744517728
0.024314664760329396
0.024857894402888103
0.024857894402887215
0.025375007900270585
0.025780866083564113
0.025375007900292346
0.025773938143343944
0.02656375208034678
0.026563752080344116
0.025773938143344832
0.025926632108979497
0.027050838059305526
0.027429420731384102
0.027050838059301974
0.025926632108975944
